EE_pose:
- cols: 4
  rows: 4
  transformation_matrix:
  - [0.9810901303027306, -0.06504765051831962, 0.18229360763509397, 0.587739891537813,
    0.03381208056036067, 0.9849524694730788, 0.1694856220658947, 0.01998212273201668,
    -0.19057518052136466, -0.16011694489007142, 0.9685265430169269, 0.17044883185997664,
    0.0, 0.0, 0.0, 1.0]
Joint_1_pose:
- cols: 4
  name: waist
  rows: 4
  transformation_matrix:
  - [0.9994306044687832, -0.03374117441884127, 0.0, 0.0, 0.03374117441884127, 0.9994306044687832,
    0.0, 0.0, 0.0, 0.0, 1.0, 0.079, 0.0, 0.0, 0.0, 1.0]
Joint_2_pose:
- cols: 4
  name: shoulder
  rows: 4
  transformation_matrix:
  - [0.948074578355377, 0.0, 0.3180480999413047, 0.0, 0.0, 1.0, 0.0, 0.0, -0.3180480999413047,
    0.0, 0.948074578355377, 0.04805, 0.0, 0.0, 0.0, 1.0]
Joint_3_pose:
- cols: 4
  name: elbow
  rows: 4
  transformation_matrix:
  - [0.9446048390215336, 0.0, 0.32820983851356844, 0.05955, 0.0, 1.0, 0.0, 0.0, -0.32820983851356844,
    0.0, 0.9446048390215336, 0.3, 0.0, 0.0, 0.0, 1.0]
Joint_4_pose:
- cols: 4
  name: forearm_roll
  rows: 4
  transformation_matrix:
  - [1.0, -0.0, 0.0, 0.2, 0.0, 0.9999988234516364, 0.0015339802289716206, 0.0, -0.0,
    -0.0015339802289716206, 0.9999988234516364, 0.0, 0.0, 0.0, 0.0, 1.0]
Joint_5_pose:
- cols: 4
  name: wrist_angle
  rows: 4
  transformation_matrix:
  - [0.8932242961984568, -0.0, -0.4496113395820568, 0.1, 0.0, 1.0, -0.0, 0.0, 0.4496113395820568,
    0.0, 0.8932242961984568, 0.0, 0.0, 0.0, 0.0, 1.0]
Joint_6_pose:
- cols: 4
  name: wrist_rotate
  rows: 4
  transformation_matrix:
  - [1.0, -0.0, 0.0, 0.159744, 0.0, 0.9868094019485986, 0.16188639296077093, 0.0,
    -0.0, -0.16188639296077093, 0.9868094019485986, 0.0, 0.0, 0.0, 0.0, 1.0]
Tag_0_pose:
- cols: 4
  rows: 4
  transformation_matrix:
  - [0.9810901303027306, 0.18229360763509397, 0.06504765051831966, 0.556985723788076,
    0.0338120805603607, 0.16948562206589493, -0.9849524694730788, 0.01348038709826949,
    -0.19057518052136463, 0.9685265430169269, 0.16011694489007164, 0.31469706119824714,
    0.0, 0.0, 0.0, 1.0]
Tag_1_pose:
- cols: 4
  rows: 4
  transformation_matrix:
  - [-0.06504765051831957, 0.1822936076350939, 0.9810901303027306, 0.5821768919821473,
    0.9849524694730789, 0.16948562206589463, 0.033812080560360724, 0.04149641222418907,
    -0.16011694489007128, 0.9685265430169268, -0.19057518052136446, 0.30505302774943277,
    0.0, 0.0, 0.0, 1.0]
Tag_2_pose:
- cols: 4
  rows: 4
  transformation_matrix:
  - [-0.9810901303027305, 0.18229360763509397, -0.06504765051831966, 0.5534081030095686,
    -0.0338120805603607, 0.1694856220658949, 0.9849524694730788, 0.06765277291928881,
    0.19057518052136463, 0.9685265430169269, -0.16011694489007156, 0.3058906292292932,
    0.0, 0.0, 0.0, 1.0]
