EE_pose:
- cols: 4
  rows: 4
  transformation_matrix:
  - [0.9606813949868521, -0.06524727303502964, 0.2698778440102262, 0.5867523953076065,
    0.018344098300983786, 0.9847880403688779, 0.17278891632263058, 0.010935333397497688,
    -0.27704647874253796, -0.16104443147131006, 0.9472644507783679, 0.12813151787233412,
    0.0, 0.0, 0.0, 1.0]
Joint_1_pose:
- cols: 4
  name: waist
  rows: 4
  transformation_matrix:
  - [0.999830581794966, -0.018406729952378496, 0.0, 0.0, 0.018406729952378496, 0.999830581794966,
    0.0, 0.0, 0.0, 0.0, 1.0, 0.079, 0.0, 0.0, 0.0, 1.0]
Joint_2_pose:
- cols: 4
  name: shoulder
  rows: 4
  transformation_matrix:
  - [0.9273625201764379, 0.0, 0.37416407653862993, 0.0, 0.0, 1.0, 0.0, 0.0, -0.37416407653862993,
    0.0, 0.9273625201764379, 0.04805, 0.0, 0.0, 0.0, 1.0]
Joint_3_pose:
- cols: 4
  name: elbow
  rows: 4
  transformation_matrix:
  - [0.9425731935808827, 0.0, 0.3339996627883567, 0.05955, 0.0, 1.0, 0.0, 0.0, -0.3339996627883567,
    0.0, 0.9425731935808827, 0.3, 0.0, 0.0, 0.0, 1.0]
Joint_4_pose:
- cols: 4
  name: forearm_roll
  rows: 4
  transformation_matrix:
  - [1.0, -0.0, 0.0, 0.2, 0.0, 0.9999988234516364, 0.0015339802289716206, 0.0, -0.0,
    -0.0015339802289716206, 0.9999988234516364, 0.0, 0.0, 0.0, 0.0, 1.0]
Joint_5_pose:
- cols: 4
  name: wrist_angle
  rows: 4
  transformation_matrix:
  - [0.903332366149056, -0.0, -0.42894129699476125, 0.1, 0.0, 1.0, -0.0, 0.0, 0.42894129699476125,
    0.0, 0.903332366149056, 0.0, 0.0, 0.0, 0.0, 1.0]
Joint_6_pose:
- cols: 4
  name: wrist_rotate
  rows: 4
  transformation_matrix:
  - [1.0, -0.0, 0.0, 0.159744, 0.0, 0.986053963792432, 0.1664259008965648, 0.0, -0.0,
    -0.1664259008965648, 0.986053963792432, 0.0, 0.0, 0.0, 0.0, 1.0]
Tag_0_pose:
- cols: 4
  rows: 4
  transformation_matrix:
  - [0.9606813949868521, 0.2698778440102262, 0.06524727303502963, 0.5688337308695915,
    0.01834409830098374, 0.17278891632263063, -0.984788040368878, 0.00577278442082885,
    -0.27704647874253796, 0.9472644507783679, 0.16104443147131012, 0.27458257666085123,
    0.0, 0.0, 0.0, 1.0]
Tag_1_pose:
- cols: 4
  rows: 4
  transformation_matrix:
  - [-0.06524727303502947, 0.2698778440102262, 0.9606813949868522, 0.5934581692232669,
    0.9847880403688779, 0.17278891632263055, 0.018344098300983658, 0.03335891823425004,
    -0.16104443147131003, 0.9472644507783679, -0.27704647874253785, 0.2625350766299704,
    0.0, 0.0, 0.0, 1.0]
Tag_2_pose:
- cols: 4
  rows: 4
  transformation_matrix:
  - [-0.9606813949868523, 0.2698778440102262, -0.06524727303502963, 0.5652451308526648,
    -0.01834409830098374, 0.1727889163226306, 0.984788040368878, 0.0599361266411171,
    0.27704647874253796, 0.9472644507783679, -0.1610444314713103, 0.2657251329299293,
    0.0, 0.0, 0.0, 1.0]
