EE_pose:
- cols: 4
  rows: 4
  transformation_matrix:
  - [0.9732384031851865, 0.028820408598344713, 0.22798332091136142, 0.6018373633897929,
    -0.05900210986387974, 0.9901847022829479, 0.1267004593379221, -0.03681464217489623,
    -0.2220940377343773, -0.13676124967641326, 0.965386243422697, 0.11514764206365874,
    0.0, 0.0, 0.0, 1.0]
Joint_1_pose:
- cols: 4
  name: waist
  rows: 4
  transformation_matrix:
  - [0.9981181127383362, 0.06132073893604141, 0.0, 0.0, -0.06132073893604141, 0.9981181127383362,
    -0.0, 0.0, -0.0, 0.0, 1.0, 0.079, 0.0, 0.0, 0.0, 1.0]
Joint_2_pose:
- cols: 4
  name: shoulder
  rows: 4
  transformation_matrix:
  - [0.8918407004293605, 0.0, 0.45234960490495363, 0.0, 0.0, 1.0, 0.0, 0.0, -0.45234960490495363,
    0.0, 0.8918407004293605, 0.04805, 0.0, 0.0, 0.0, 1.0]
Joint_3_pose:
- cols: 4
  name: elbow
  rows: 4
  transformation_matrix:
  - [0.9569403355158582, 0.0, 0.2902846779676749, 0.05955, 0.0, 1.0, 0.0, 0.0, -0.2902846779676749,
    0.0, 0.9569403355158582, 0.3, 0.0, 0.0, 0.0, 1.0]
Joint_4_pose:
- cols: 4
  name: forearm_roll
  rows: 4
  transformation_matrix:
  - [1.0, -0.0, 0.0, 0.2, 0.0, 0.9999988234516364, 0.0015339802289716206, 0.0, -0.0,
    -0.0015339802289716206, 0.9999988234516364, 0.0, 0.0, 0.0, 0.0, 1.0]
Joint_5_pose:
- cols: 4
  name: wrist_angle
  rows: 4
  transformation_matrix:
  - [0.8577285888691976, -0.0, -0.5141027794482881, 0.1, 0.0, 1.0, -0.0, 0.0, 0.5141027794482881,
    0.0, 0.8577285888691976, 0.0, 0.0, 0.0, 0.0, 1.0]
Joint_6_pose:
- cols: 4
  name: wrist_rotate
  rows: 4
  transformation_matrix:
  - [1.0, -0.0, 0.0, 0.159744, 0.0, 0.990272811190961, 0.13913935250658335, 0.0, -0.0,
    -0.13913935250658335, 0.990272811190961, 0.0, 0.0, 0.0, 0.0, 1.0]
Tag_0_pose:
- cols: 4
  rows: 4
  transformation_matrix:
  - [0.9732384031851865, 0.22798332091136148, -0.0288204085983447, 0.5750330341031107,
    -0.05900210986387967, 0.12670045933792196, -0.9901847022829479, -0.04377836605136885,
    -0.2220940377343774, 0.9653862434226969, 0.13676124967641312, 0.2601603227116618,
    0.0, 0.0, 0.0, 1.0]
Tag_1_pose:
- cols: 4
  rows: 4
  transformation_matrix:
  - [0.028820408598344338, 0.22798332091136136, 0.9732384031851866, 0.6025896514271578,
    0.9901847022829482, 0.12670045933792218, -0.059002109863879604, -0.0181708447598445,
    -0.1367612496764134, 0.9653862434226972, -0.22209403773437741, 0.25029180230786513,
    0.0, 0.0, 0.0, 1.0]
Tag_2_pose:
- cols: 4
  rows: 4
  transformation_matrix:
  - [-0.9732384031851865, 0.22798332091136148, 0.0288204085983447, 0.5766181565760194,
    0.05900210986387967, 0.12670045933792196, 0.9901847022829479, 0.010681792574193254,
    0.2220940377343774, 0.9653862434226969, -0.13676124967641312, 0.2526384539794591,
    0.0, 0.0, 0.0, 1.0]
