EE_pose:
- cols: 4
  rows: 4
  transformation_matrix:
  - [0.9901320187425192, 0.036083101334697165, 0.13541268500008974, 0.6022340962814575,
    -0.05228235689343157, 0.9916304691406359, 0.11804900605083504, -0.032176603134399975,
    -0.1300197701064396, -0.12396379499673368, 0.9837315878386118, 0.13050038569722833,
    0.0, 0.0, 0.0, 1.0]
Joint_1_pose:
- cols: 4
  name: waist
  rows: 4
  transformation_matrix:
  - [0.9985590740558749, 0.05366354088833302, 0.0, 0.0, -0.05366354088833302, 0.9985590740558749,
    -0.0, 0.0, -0.0, 0.0, 1.0, 0.079, 0.0, 0.0, 0.0, 1.0]
Joint_2_pose:
- cols: 4
  name: shoulder
  rows: 4
  transformation_matrix:
  - [0.8918407004293605, 0.0, 0.45234960490495363, 0.0, 0.0, 1.0, 0.0, 0.0, -0.45234960490495363,
    0.0, 0.8918407004293605, 0.04805, 0.0, 0.0, 0.0, 1.0]
Joint_3_pose:
- cols: 4
  name: elbow
  rows: 4
  transformation_matrix:
  - [0.9523750083155141, 0.0, 0.30492924349105066, 0.05955, 0.0, 1.0, 0.0, 0.0, -0.30492924349105066,
    0.0, 0.9523750083155141, 0.3, 0.0, 0.0, 0.0, 1.0]
Joint_4_pose:
- cols: 4
  name: forearm_roll
  rows: 4
  transformation_matrix:
  - [1.0, -0.0, 0.0, 0.2, 0.0, 0.9999988234516364, 0.0015339802289716206, 0.0, -0.0,
    -0.0015339802289716206, 0.9999988234516364, 0.0, 0.0, 0.0, 0.0, 1.0]
Joint_5_pose:
- cols: 4
  name: wrist_angle
  rows: 4
  transformation_matrix:
  - [0.7967648148440601, -0.0, -0.6042895248359933, 0.1, 0.0, 1.0, -0.0, 0.0, 0.6042895248359933,
    0.0, 0.7967648148440601, 0.0, 0.0, 0.0, 0.0, 1.0]
Joint_6_pose:
- cols: 4
  name: wrist_rotate
  rows: 4
  transformation_matrix:
  - [1.0, -0.0, 0.0, 0.159744, 0.0, 0.9922905910784465, 0.12393297727879897, 0.0,
    -0.0, -0.12393297727879897, 0.9922905910784465, 0.0, 0.0, 0.0, 0.0, 1.0]
Tag_0_pose:
- cols: 4
  rows: 4
  transformation_matrix:
  - [0.9901320187425192, 0.1354126850000897, -0.036083101334697186, 0.5619403023143399,
    -0.05228235689343158, 0.11804900605083504, -0.991630469140636, -0.0407196855255338,
    -0.13001977010643956, 0.9837315878386118, 0.1239637949967337, 0.2722715709869415,
    0.0, 0.0, 0.0, 1.0]
Tag_1_pose:
- cols: 4
  rows: 4
  transformation_matrix:
  - [0.036083101334697276, 0.1354126850000898, 0.9901320187425193, 0.5901612181164634,
    0.9916304691406359, 0.11804900605083501, -0.05228235689343175, -0.01488761243873569,
    -0.12396379499673366, 0.9837315878386118, -0.13001977010643972, 0.26528702294660417,
    0.0, 0.0, 0.0, 1.0]
Tag_2_pose:
- cols: 4
  rows: 4
  transformation_matrix:
  - [-0.9901320187425193, 0.1354126850000897, 0.036083101334697186, 0.5639248728877482,
    0.05228235689343158, 0.11804900605083501, 0.991630469140636, 0.013819990277201167,
    0.13001977010643956, 0.9837315878386118, -0.12396379499673382, 0.2654535622621211,
    0.0, 0.0, 0.0, 1.0]
