EE_pose:
- cols: 4
  rows: 4
  transformation_matrix:
  - [0.9893957145916917, 0.034235859113808116, 0.1411524916476333, 0.6008217262408243,
    -0.050720888955210354, 0.9920814630861579, 0.11489892090190246, -0.03117648056492983,
    -0.13610110716371462, -0.1208398798061629, 0.9832976213116978, 0.12796288698741445,
    0.0, 0.0, 0.0, 1.0]
Joint_1_pose:
- cols: 4
  name: waist
  rows: 4
  transformation_matrix:
  - [0.9986402180439143, 0.052131707292234764, 0.0, 0.0, -0.052131707292234764, 0.9986402180439143,
    -0.0, 0.0, -0.0, 0.0, 1.0, 0.079, 0.0, 0.0, 0.0, 1.0]
Joint_2_pose:
- cols: 4
  name: shoulder
  rows: 4
  transformation_matrix:
  - [0.8918407004293605, 0.0, 0.45234960490495363, 0.0, 0.0, 1.0, 0.0, 0.0, -0.45234960490495363,
    0.0, 0.8918407004293605, 0.04805, 0.0, 0.0, 0.0, 1.0]
Joint_3_pose:
- cols: 4
  name: elbow
  rows: 4
  transformation_matrix:
  - [0.9504860733150774, 0.0, 0.3107671546899468, 0.05955, 0.0, 1.0, 0.0, 0.0, -0.3107671546899468,
    0.0, 0.9504860733150774, 0.3, 0.0, 0.0, 0.0, 1.0]
Joint_4_pose:
- cols: 4
  name: forearm_roll
  rows: 4
  transformation_matrix:
  - [1.0, -0.0, 0.0, 0.2, 0.0, 0.9999988234516364, 0.0015339802289716206, 0.0, -0.0,
    -0.0015339802289716206, 0.9999988234516364, 0.0, 0.0, 0.0, 0.0, 1.0]
Joint_5_pose:
- cols: 4
  name: wrist_angle
  rows: 4
  transformation_matrix:
  - [0.7967648148440601, -0.0, -0.6042895248359933, 0.1, 0.0, 1.0, -0.0, 0.0, 0.6042895248359933,
    0.0, 0.7967648148440601, 0.0, 0.0, 0.0, 0.0, 1.0]
Joint_6_pose:
- cols: 4
  name: wrist_rotate
  rows: 4
  transformation_matrix:
  - [1.0, -0.0, 0.0, 0.159744, 0.0, 0.992666142336819, 0.12088808815651832, 0.0, -0.0,
    -0.12088808815651832, 0.992666142336819, 0.0, 0.0, 0.0, 0.0, 1.0]
Tag_0_pose:
- cols: 4
  rows: 4
  transformation_matrix:
  - [0.9893957145916917, 0.14115249164763335, -0.03423585911380815, 0.5613847449028191,
    -0.050720888955210375, 0.1148989209019024, -0.9920814630861576, -0.04024130840722506,
    -0.13610110716371465, 0.9832976213116977, 0.12083987980616287, 0.26994245054003196,
    0.0, 0.0, 0.0, 1.0]
Tag_1_pose:
- cols: 4
  rows: 4
  transformation_matrix:
  - [0.034235859113808054, 0.14115249164763322, 0.9893957145916921, 0.5895346131797202,
    0.9920814630861581, 0.11489892090190229, -0.05072088895521054, -0.014353892618624018,
    -0.12083987980616301, 0.9832976213116981, -0.1361011071637147, 0.2628765733983603,
    0.0, 0.0, 0.0, 1.0]
Tag_2_pose:
- cols: 4
  rows: 4
  transformation_matrix:
  - [-0.9893957145916914, 0.14115249164763335, 0.03423585911380815, 0.5632677171540785,
    0.050720888955210375, 0.11489892090190246, 0.9920814630861576, 0.014323172062513583,
    0.13610110716371465, 0.9832976213116977, -0.12083987980616251, 0.263296257150693,
    0.0, 0.0, 0.0, 1.0]
