EE_pose:
- cols: 4
  rows: 4
  transformation_matrix:
  - [0.9733037531962326, 0.04250873730686662, 0.2255500194340557, 0.543589880003619,
    -0.06337396386053369, 0.9942699556498337, 0.08608714187776034, -0.03572164344794114,
    -0.22059815211993702, -0.09808293707191723, 0.9704206267060771, 0.11955097321133681,
    0.0, 0.0, 0.0, 1.0]
Joint_1_pose:
- cols: 4
  name: waist
  rows: 4
  transformation_matrix:
  - [0.9978253503591852, 0.06591335358308958, 0.0, 0.0, -0.06591335358308958, 0.9978253503591852,
    -0.0, 0.0, -0.0, 0.0, 1.0, 0.079, 0.0, 0.0, 0.0, 1.0]
Joint_2_pose:
- cols: 4
  name: shoulder
  rows: 4
  transformation_matrix:
  - [0.9475855915483017, 0.0, 0.3195020292424685, 0.0, 0.0, 1.0, 0.0, 0.0, -0.3195020292424685,
    0.0, 0.9475855915483017, 0.04805, 0.0, 0.0, 0.0, 1.0]
Joint_3_pose:
- cols: 4
  name: elbow
  rows: 4
  transformation_matrix:
  - [0.8585162054181225, 0.0, 0.5127864321864104, 0.05955, 0.0, 1.0, 0.0, 0.0, -0.5127864321864104,
    0.0, 0.8585162054181225, 0.3, 0.0, 0.0, 0.0, 1.0]
Joint_4_pose:
- cols: 4
  name: forearm_roll
  rows: 4
  transformation_matrix:
  - [1.0, -0.0, 0.0, 0.2, 0.0, 0.9999988234516364, 0.0015339802289716206, 0.0, -0.0,
    -0.0015339802289716206, 0.9999988234516364, 0.0, 0.0, 0.0, 0.0, 1.0]
Joint_5_pose:
- cols: 4
  name: wrist_angle
  rows: 4
  transformation_matrix:
  - [0.8013761536687655, -0.0, -0.5981607311843994, 0.1, 0.0, 1.0, -0.0, 0.0, 0.5981607311843994,
    0.0, 0.8013761536687655, 0.0, 0.0, 0.0, 0.0, 1.0]
Joint_6_pose:
- cols: 4
  name: wrist_rotate
  rows: 4
  transformation_matrix:
  - [1.0, -0.0, 0.0, 0.159744, 0.0, 0.9950331994748068, 0.09954361829333502, 0.0,
    -0.0, -0.09954361829333502, 0.9950331994748068, 0.0, 0.0, 0.0, 0.0, 1.0]
Tag_0_pose:
- cols: 4
  rows: 4
  transformation_matrix:
  - [0.9733037531962325, 0.2255500194340559, -0.04250873730686659, 0.5160817099537282,
    -0.06337396386053375, 0.0860871418777604, -0.9942699556498339, -0.047946228825494985,
    -0.22059815211993716, 0.9704206267060774, 0.0980829370719173, 0.2640829875206573,
    0.0, 0.0, 0.0, 1.0]
Tag_1_pose:
- cols: 4
  rows: 4
  transformation_matrix:
  - [0.04250873730686672, 0.22555001943405595, 0.9733037531962325, 0.5440165534425635,
    0.9942699556498337, 0.08608714187776018, -0.06337396386053373, -0.022346589051289237,
    -0.09808293707191712, 0.9704206267060771, -0.22059815211993727, 0.2553192575678812,
    0.0, 0.0, 0.0, 1.0]
Tag_2_pose:
- cols: 4
  rows: 4
  transformation_matrix:
  - [-0.9733037531962331, 0.2255500194340559, 0.04250873730686659, 0.518419690505606,
    0.06337396386053375, 0.08608714187776034, 0.9942699556498339, 0.006738618735245852,
    0.22059815211993716, 0.9704206267060774, -0.09808293707191784, 0.2586884259817018,
    0.0, 0.0, 0.0, 1.0]
