EE_pose:
- cols: 4
  rows: 4
  transformation_matrix:
  - [0.9999811749929707, 0.00032927582976362843, 0.006127090427408435, 0.3433370968648413,
    -2.3310346708438345e-18, 0.9985590740558749, -0.053663540888333014, 0.0, -0.006135931850803642,
    0.053662530671798575, 0.9985402761742865, 0.2735454680694249, 0.0, 0.0, 0.0, 1.0]
Joint_1_pose:
- cols: 4
  name: waist
  rows: 4
  transformation_matrix:
  - [1.0, 0.0, 0.0, 0.0, 0.0, 1.0, 0.0, 0.0, 0.0, 0.0, 1.0, 0.079, 0.0, 0.0, 0.0,
    1.0]
Joint_2_pose:
- cols: 4
  name: shoulder
  rows: 4
  transformation_matrix:
  - [0.8050313235597139, -0.0, -0.5932323053304627, 0.0, 0.0, 1.0, -0.0, 0.0, 0.5932323053304627,
    0.0, 0.8050313235597139, 0.04805, 0.0, 0.0, 0.0, 1.0]
Joint_3_pose:
- cols: 4
  name: elbow
  rows: 4
  transformation_matrix:
  - [0.47139666432708993, 0.0, 0.881921303099825, 0.05955, 0.0, 1.0, 0.0, 0.0, -0.881921303099825,
    0.0, 0.47139666432708993, 0.3, 0.0, 0.0, 0.0, 1.0]
Joint_4_pose:
- cols: 4
  name: forearm_roll
  rows: 4
  transformation_matrix:
  - [1.0, 0.0, 0.0, 0.2, 0.0, 1.0, 0.0, 0.0, 0.0, 0.0, 1.0, 0.0, 0.0, 0.0, 0.0, 1.0]
Joint_5_pose:
- cols: 4
  name: wrist_angle
  rows: 4
  transformation_matrix:
  - [0.9052967498794409, -0.0, -0.42477970132495874, 0.1, 0.0, 1.0, -0.0, 0.0, 0.42477970132495874,
    0.0, 0.9052967498794409, 0.0, 0.0, 0.0, 0.0, 1.0]
Joint_6_pose:
- cols: 4
  name: wrist_rotate
  rows: 4
  transformation_matrix:
  - [1.0, 0.0, 0.0, 0.159744, 0.0, 0.9985590740558749, -0.05366354088833302, 0.0,
    0.0, 0.05366354088833302, 0.9985590740558749, 0.0, 0.0, 0.0, 0.0, 1.0]
Tag_0_pose:
- cols: 4
  rows: 4
  transformation_matrix:
  - [0.9999811749929708, 0.006127090427408435, -0.00032927582976364665, 0.28626145444634343,
    -1.9949319973733282e-17, -0.0536635408883333, -0.998559074055875, -0.03459762547468487,
    -0.0061359318508036435, 0.9985402761742868, -0.05366253067179886, 0.40523076877335934,
    0.0, 0.0, 0.0, 1.0]
Tag_1_pose:
- cols: 4
  rows: 4
  transformation_matrix:
  - [0.000329275829763942, 0.006127090427408333, 0.9999811749929706, 0.3137699918439687,
    0.9985590740558746, -0.05366354088833292, 0.0, -0.007137250938148295, 0.05366253067179866,
    0.9985402761742864, -0.006135931850803356, 0.4065377502409367, 0.0, 0.0, 0.0,
    1.0]
Tag_2_pose:
- cols: 4
  rows: 4
  transformation_matrix:
  - [-0.9999811749929701, 0.006127090427408433, 0.00032927582976364665, 0.2862795646169805,
    1.951563910473908e-17, -0.053663540888332806, 0.9985590740558745, 0.020323123598388282,
    0.00613593185080364, 0.9985402761742863, 0.05366253067179905, 0.4081822079603083,
    0.0, 0.0, 0.0, 1.0]
