EE_pose:
- cols: 4
  rows: 4
  transformation_matrix:
  - [0.9731572588032577, 0.04136097340639715, 0.22639394761654905, 0.49933643822660784,
    -0.0603253924588958, 0.995165771922269, 0.07749795751524578, -0.03125179440473237,
    -0.22209411667851456, -0.08907500363867492, 0.970947911611926, 0.13024079848373296,
    0.0, 0.0, 0.0, 1.0]
Joint_1_pose:
- cols: 4
  name: waist
  rows: 4
  transformation_matrix:
  - [0.9980228738005066, 0.06285175710334626, 0.0, 0.0, -0.06285175710334626, 0.9980228738005066,
    -0.0, 0.0, -0.0, 0.0, 1.0, 0.079, 0.0, 0.0, 0.0, 1.0]
Joint_2_pose:
- cols: 4
  name: shoulder
  rows: 4
  transformation_matrix:
  - [0.9813791910731411, 0.0, 0.19208040849765848, 0.0, 0.0, 1.0, 0.0, 0.0, -0.19208040849765848,
    0.0, 0.9813791910731411, 0.04805, 0.0, 0.0, 0.0, 1.0]
Joint_3_pose:
- cols: 4
  name: elbow
  rows: 4
  transformation_matrix:
  - [0.7612023633884186, 0.0, 0.6485144269574008, 0.05955, 0.0, 1.0, 0.0, 0.0, -0.6485144269574008,
    0.0, 0.7612023633884186, 0.3, 0.0, 0.0, 0.0, 1.0]
Joint_4_pose:
- cols: 4
  name: forearm_roll
  rows: 4
  transformation_matrix:
  - [1.0, -0.0, 0.0, 0.2, 0.0, 0.9999988234516364, 0.0015339802289716206, 0.0, -0.0,
    -0.0015339802289716206, 0.9999988234516364, 0.0, 0.0, 0.0, 0.0, 1.0]
Joint_5_pose:
- cols: 4
  name: wrist_angle
  rows: 4
  transformation_matrix:
  - [0.7807372244011297, -0.0, -0.624859493353842, 0.1, 0.0, 1.0, -0.0, 0.0, 0.624859493353842,
    0.0, 0.7807372244011297, 0.0, 0.0, 0.0, 0.0, 1.0]
Joint_6_pose:
- cols: 4
  name: wrist_rotate
  rows: 4
  transformation_matrix:
  - [1.0, -0.0, 0.0, 0.159744, 0.0, 0.9959072291161314, 0.0903813641976566, 0.0, -0.0,
    -0.0903813641976566, 0.9959072291161314, 0.0, 0.0, 0.0, 0.0, 1.0]
Tag_0_pose:
- cols: 4
  rows: 4
  transformation_matrix:
  - [0.9731572588032577, 0.22639394761654902, -0.04136097340639722, 0.47198055360567265,
    -0.06032539245889584, 0.07749795751524588, -0.9951657719222687, -0.04481983542803363,
    -0.22209411667851453, 0.9709479116119258, 0.08907500363867504, 0.27468181380435613,
    0.0, 0.0, 0.0, 1.0]
Tag_1_pose:
- cols: 4
  rows: 4
  transformation_matrix:
  - [0.04136097340639727, 0.2263939476165489, 0.9731572588032575, 0.49987980499143825,
    0.9951657719222688, 0.07749795751524607, -0.0603253924588959, -0.019111724992790888,
    -0.08907500363867515, 0.9709479116119258, -0.22209411667851442, 0.2661246629956334,
    0.0, 0.0, 0.0, 1.0]
Tag_2_pose:
- cols: 4
  rows: 4
  transformation_matrix:
  - [-0.973157258803258, 0.22639394761654907, 0.04136097340639723, 0.4742554071430246,
    0.060325392458895885, 0.07749795751524569, 0.995165771922269, 0.009914282027691122,
    0.22209411667851464, 0.9709479116119261, -0.08907500363867515, 0.269782688604229,
    0.0, 0.0, 0.0, 1.0]
