EE_pose:
- cols: 4
  rows: 4
  transformation_matrix:
  - [0.9971769422735676, 0.030593549143739497, 0.06857244744595077, 0.4175987861341716,
    -0.03863882005287416, 0.9921116767615493, 0.11925377318269093, -0.016430538279916602,
    -0.06438312964480443, -0.12156667135435056, 0.9904929868671275, 0.1804806426741305,
    0.0, 0.0, 0.0, 1.0]
Joint_1_pose:
- cols: 4
  name: waist
  rows: 4
  transformation_matrix:
  - [0.9992047585648269, 0.03987292892936223, 0.0, 0.0, -0.03987292892936223, 0.9992047585648269,
    -0.0, 0.0, -0.0, 0.0, 1.0, 0.079, 0.0, 0.0, 0.0, 1.0]
Joint_2_pose:
- cols: 4
  name: shoulder
  rows: 4
  transformation_matrix:
  - [0.9960447009915823, -0.0, -0.08885355156992639, 0.0, 0.0, 1.0, -0.0, 0.0, 0.08885355156992639,
    0.0, 0.9960447009915823, 0.04805, 0.0, 0.0, 0.0, 1.0]
Joint_3_pose:
- cols: 4
  name: elbow
  rows: 4
  transformation_matrix:
  - [0.5375870898609738, 0.0, 0.8432082309932756, 0.05955, 0.0, 1.0, 0.0, 0.0, -0.8432082309932756,
    0.0, 0.5375870898609738, 0.3, 0.0, 0.0, 0.0, 1.0]
Joint_4_pose:
- cols: 4
  name: forearm_roll
  rows: 4
  transformation_matrix:
  - [1.0, -0.0, 0.0, 0.2, 0.0, 0.9999988234516364, 0.0015339802289716206, 0.0, -0.0,
    -0.0015339802289716206, 0.9999988234516364, 0.0, 0.0, 0.0, 0.0, 1.0]
Joint_5_pose:
- cols: 4
  name: wrist_angle
  rows: 4
  transformation_matrix:
  - [0.6601143227294095, -0.0, -0.7511651489036835, 0.1, 0.0, 1.0, -0.0, 0.0, 0.7511651489036835,
    0.0, 0.6601143227294095, 0.0, 0.0, 0.0, 0.0, 1.0]
Joint_6_pose:
- cols: 4
  name: wrist_rotate
  rows: 4
  transformation_matrix:
  - [1.0, -0.0, 0.0, 0.159744, 0.0, 0.992666142336819, 0.12088808815651832, 0.0, -0.0,
    -0.12088808815651832, 0.992666142336819, 0.0, 0.0, 0.0, 0.0, 1.0]
Tag_0_pose:
- cols: 4
  rows: 4
  transformation_matrix:
  - [0.9971769422735676, 0.06857244744595091, -0.030593549143739365, 0.3681584249077251,
    -0.038638820052874064, 0.11925377318269118, -0.9921116767615494, -0.025616342964745208,
    -0.06438312964480457, 0.9904929868671275, 0.12156667135435081, 0.3192859550420189,
    0.0, 0.0, 0.0, 1.0]
Tag_1_pose:
- cols: 4
  rows: 4
  transformation_matrix:
  - [0.030593549143739185, 0.06857244744595092, 0.9971769422735675, 0.3964221134217011,
    0.9921116767615493, 0.11925377318269065, -0.038638820052873835, 0.0006041605947433321,
    -0.12156667135435034, 0.9904929868671275, -0.06438312964480464, 0.31417233551454216,
    0.0, 0.0, 0.0, 1.0]
Tag_2_pose:
- cols: 4
  rows: 4
  transformation_matrix:
  - [-0.9971769422735677, 0.06857244744595091, 0.030593549143739365, 0.3698410701106307,
    0.038638820052874064, 0.11925377318269115, 0.9921116767615494, 0.028949799257139957,
    0.06438312964480457, 0.9904929868671275, -0.12156667135435095, 0.3125997881175296,
    0.0, 0.0, 0.0, 1.0]
