EE_pose:
- cols: 4
  rows: 4
  transformation_matrix:
  - [0.998984443914331, 0.031602103258890776, 0.0321152282693002, 0.39497251753656004,
    -0.03560669673033992, 0.9904854841800045, 0.1329310677631671, -0.014307031272818679,
    -0.027608766092102964, -0.13393958600173633, 0.9906048371255589, 0.18981951352668908,
    0.0, 0.0, 0.0, 1.0]
Joint_1_pose:
- cols: 4
  name: waist
  rows: 4
  transformation_matrix:
  - [0.9993223845849204, 0.03680722303445884, 0.0, 0.0, -0.03680722303445884, 0.9993223845849204,
    -0.0, 0.0, -0.0, 0.0, 1.0, 0.079, 0.0, 0.0, 0.0, 1.0]
Joint_2_pose:
- cols: 4
  name: shoulder
  rows: 4
  transformation_matrix:
  - [0.9863080959467629, -0.0, -0.16491312825203183, 0.0, 0.0, 1.0, -0.0, 0.0, 0.16491312825203183,
    0.0, 0.9863080959467629, 0.04805, 0.0, 0.0, 0.0, 1.0]
Joint_3_pose:
- cols: 4
  name: elbow
  rows: 4
  transformation_matrix:
  - [0.47274896334421934, 0.0, 0.8811971502773747, 0.05955, 0.0, 1.0, 0.0, 0.0, -0.8811971502773747,
    0.0, 0.47274896334421934, 0.3, 0.0, 0.0, 0.0, 1.0]
Joint_4_pose:
- cols: 4
  name: forearm_roll
  rows: 4
  transformation_matrix:
  - [1.0, -0.0, 0.0, 0.2, 0.0, 0.9999988234516364, 0.0015339802289716206, 0.0, -0.0,
    -0.0015339802289716206, 0.9999988234516364, 0.0, 0.0, 0.0, 0.0, 1.0]
Joint_5_pose:
- cols: 4
  name: wrist_angle
  rows: 4
  transformation_matrix:
  - [0.6332067499526313, -0.0, -0.7739826947771029, 0.1, 0.0, 1.0, -0.0, 0.0, 0.7739826947771029,
    0.0, 0.6332067499526313, 0.0, 0.0, 0.0, 0.0, 1.0]
Joint_6_pose:
- cols: 4
  name: wrist_rotate
  rows: 4
  transformation_matrix:
  - [1.0, -0.0, 0.0, 0.159744, 0.0, 0.9911079129348065, 0.13306053103009943, 0.0,
    -0.0, -0.13306053103009943, 0.9911079129348065, 0.0, 0.0, 0.0, 0.0, 1.0]
Tag_0_pose:
- cols: 4
  rows: 4
  transformation_matrix:
  - [0.998984443914331, 0.03211522826930005, -0.031602103258890665, 0.3405509880631307,
    -0.035606696730339796, 0.13293106776316715, -0.9904854841800045, -0.021804542603237942,
    -0.027608766092102825, 0.9906048371255588, 0.1339395860017364, 0.3268513620914635,
    0.0, 0.0, 0.0, 1.0]
Tag_1_pose:
- cols: 4
  rows: 4
  transformation_matrix:
  - [0.03160210325889046, 0.032115228269300355, 0.9989844439143313, 0.36889211811039435,
    0.9904854841800047, 0.132931067763167, -0.03560669673033989, 0.004454624051627827,
    -0.1339395860017366, 0.9906048371255591, -0.027608766092103387, 0.32240878240888293,
    0.0, 0.0, 0.0, 1.0]
Tag_2_pose:
- cols: 4
  rows: 4
  transformation_matrix:
  - [-0.9989844439143308, 0.03211522826930005, 0.031602103258890665, 0.34228910374236976,
    0.035606696730339796, 0.1329310677631672, 0.9904854841800045, 0.03267215902666229,
    0.027608766092102825, 0.9906048371255588, -0.13393958600173617, 0.3194846848613681,
    0.0, 0.0, 0.0, 1.0]
