EE_pose:
- cols: 4
  rows: 4
  transformation_matrix:
  - [0.9982516638499258, 0.030889558442553883, 0.05039296379534292, 0.3886411984176707,
    -0.03711161333217361, 0.991128426886947, 0.1276211956239591, -0.014670530673738627,
    -0.04600373655191422, -0.12926823506116905, 0.990541962577776, 0.18252119115770438,
    0.0, 0.0, 0.0, 1.0]
Joint_1_pose:
- cols: 4
  name: waist
  rows: 4
  transformation_matrix:
  - [0.9992647472590691, 0.03834012109095149, 0.0, 0.0, -0.03834012109095149, 0.9992647472590691,
    -0.0, 0.0, -0.0, 0.0, 1.0, 0.079, 0.0, 0.0, 0.0, 1.0]
Joint_2_pose:
- cols: 4
  name: shoulder
  rows: 4
  transformation_matrix:
  - [0.9855387342922861, -0.0, -0.16945029716574322, 0.0, 0.0, 1.0, -0.0, 0.0, 0.16945029716574322,
    0.0, 0.9855387342922861, 0.04805, 0.0, 0.0, 0.0, 1.0]
Joint_3_pose:
- cols: 4
  name: elbow
  rows: 4
  transformation_matrix:
  - [0.4509809638335631, 0.0, 0.8925335681416978, 0.05955, 0.0, 1.0, 0.0, 0.0, -0.8925335681416978,
    0.0, 0.4509809638335631, 0.3, 0.0, 0.0, 0.0, 1.0]
Joint_4_pose:
- cols: 4
  name: forearm_roll
  rows: 4
  transformation_matrix:
  - [1.0, -0.0, 0.0, 0.2, 0.0, 0.9999988234516364, 0.0015339802289716206, 0.0, -0.0,
    -0.0015339802289716206, 0.9999988234516364, 0.0, 0.0, 0.0, 0.0, 1.0]
Joint_5_pose:
- cols: 4
  name: wrist_angle
  rows: 4
  transformation_matrix:
  - [0.6320187274649043, -0.0, -0.7749531135066451, 0.1, 0.0, 1.0, -0.0, 0.0, 0.7749531135066451,
    0.0, 0.6320187274649043, 0.0, 0.0, 0.0, 0.0, 1.0]
Joint_6_pose:
- cols: 4
  name: wrist_rotate
  rows: 4
  transformation_matrix:
  - [1.0, -0.0, 0.0, 0.159744, 0.0, 0.9917097526698144, 0.1284981185059744, 0.0, -0.0,
    -0.1284981185059744, 0.9917097526698144, 0.0, 0.0, 0.0, 0.0, 1.0]
Tag_0_pose:
- cols: 4
  rows: 4
  transformation_matrix:
  - [0.9982516638499258, 0.05039296379534297, -0.030889558442553786, 0.3367126179523547,
    -0.03711161333217351, 0.12762119562395907, -0.9911284268869469, -0.0228048274675145,
    -0.046003736551914295, 0.990541962577776, 0.129268235061169, 0.3204809636059958,
    0.0, 0.0, 0.0, 1.0]
Tag_1_pose:
- cols: 4
  rows: 4
  transformation_matrix:
  - [0.03088955844255392, 0.050392963795342804, 0.9982516638499258, 0.3650140015653979,
    0.9911284268869469, 0.12762119562395957, -0.037111613332173665, 0.003430634905241755,
    -0.12926823506116947, 0.990541962577776, -0.04600373655191403, 0.315660984386636,
    0.0, 0.0, 0.0, 1.0]
Tag_2_pose:
- cols: 4
  rows: 4
  transformation_matrix:
  - [-0.9982516638499255, 0.05039296379534297, 0.030889558442553786, 0.3384115436666953,
    0.03711161333217351, 0.12762119562395902, 0.9911284268869469, 0.03170723601126756,
    0.046003736551914295, 0.990541962577776, -0.1292682350611687, 0.3133712106776316,
    0.0, 0.0, 0.0, 1.0]
