EE_pose:
- cols: 4
  rows: 4
  transformation_matrix:
  - [0.9985169332688824, 0.033725393287436685, 0.04273794359715897, 0.38520314707026554,
    -0.03865132008002784, 0.9919925788695291, 0.12023642927105058, -0.01512950159879306,
    -0.038340702019882954, -0.12170998856046628, 0.9918249186490696, 0.18470217192479937,
    0.0, 0.0, 0.0, 1.0]
Joint_1_pose:
- cols: 4
  name: waist
  rows: 4
  transformation_matrix:
  - [0.9992047585648269, 0.03987292892936223, 0.0, 0.0, -0.03987292892936223, 0.9992047585648269,
    -0.0, 0.0, -0.0, 0.0, 1.0, 0.079, 0.0, 0.0, 0.0, 1.0]
Joint_2_pose:
- cols: 4
  name: shoulder
  rows: 4
  transformation_matrix:
  - [0.9831054873459535, -0.0, -0.18303988841308688, 0.0, 0.0, 1.0, -0.0, 0.0, 0.18303988841308688,
    0.0, 0.9831054873459535, 0.04805, 0.0, 0.0, 0.0, 1.0]
Joint_3_pose:
- cols: 4
  name: elbow
  rows: 4
  transformation_matrix:
  - [0.44137121606097096, 0.0, 0.8973246066128242, 0.05955, 0.0, 1.0, 0.0, 0.0, -0.8973246066128242,
    0.0, 0.44137121606097096, 0.3, 0.0, 0.0, 0.0, 1.0]
Joint_4_pose:
- cols: 4
  name: forearm_roll
  rows: 4
  transformation_matrix:
  - [1.0, -0.0, 0.0, 0.2, 0.0, 0.9999988234516364, 0.0015339802289716206, 0.0, -0.0,
    -0.0015339802289716206, 0.9999988234516364, 0.0, 0.0, 0.0, 0.0, 1.0]
Joint_5_pose:
- cols: 4
  name: wrist_angle
  rows: 4
  transformation_matrix:
  - [0.6284457479440977, -0.0, -0.7778534192834686, 0.1, 0.0, 1.0, -0.0, 0.0, 0.7778534192834686,
    0.0, 0.6284457479440977, 0.0, 0.0, 0.0, 0.0, 1.0]
Joint_6_pose:
- cols: 4
  name: wrist_rotate
  rows: 4
  transformation_matrix:
  - [1.0, -0.0, 0.0, 0.159744, 0.0, 0.992666142336819, 0.12088808815651832, 0.0, -0.0,
    -0.12088808815651832, 0.992666142336819, 0.0, 0.0, 0.0, 0.0, 1.0]
Tag_0_pose:
- cols: 4
  rows: 4
  transformation_matrix:
  - [0.9985169332688824, 0.042737943597158976, -0.033725393287436685, 0.3321631089819925,
    -0.03865132008002785, 0.12023642927105054, -0.9919925788695292, -0.024180614298017565,
    -0.03834070201988297, 0.9918249186490697, 0.12170998856046623, 0.32218116954246034,
    0.0, 0.0, 0.0, 1.0]
Tag_1_pose:
- cols: 4
  rows: 4
  transformation_matrix:
  - [0.03372539328743629, 0.04273794359715927, 0.9985169332688826, 0.36054977296229135,
    0.9919925788695292, 0.12023642927105038, -0.038651320080027585, 0.0020362703186937014,
    -0.12170998856046622, 0.9918249186490697, -0.03834070201988338, 0.3177797755515008,
    0.0, 0.0, 0.0, 1.0]
Tag_2_pose:
- cols: 4
  rows: 4
  transformation_matrix:
  - [-0.9985169332688826, 0.042737943597158976, 0.033725393287436685, 0.3340180056128016,
    0.03865132008002785, 0.1202364292710505, 0.9919925788695292, 0.030378977539806507,
    0.03834070201988297, 0.9918249186490697, -0.12170998856046644, 0.3154871201716347,
    0.0, 0.0, 0.0, 1.0]
