EE_pose:
- cols: 4
  rows: 4
  transformation_matrix:
  - [0.995275700543453, 0.03914038682924066, -0.08884992980636569, 0.36688156795198623,
    -0.03546267558706319, 0.9984626057290792, 0.042600746482942715, -0.013270877261543705,
    0.09038074212986646, -0.03924863156282838, 0.9951335922239284, 0.23247261554684862,
    0.0, 0.0, 0.0, 1.0]
Joint_1_pose:
- cols: 4
  name: waist
  rows: 4
  transformation_matrix:
  - [0.9993223845849204, 0.03680722303445884, 0.0, 0.0, -0.03680722303445884, 0.9993223845849204,
    -0.0, 0.0, -0.0, 0.0, 1.0, 0.079, 0.0, 0.0, 0.0, 1.0]
Joint_2_pose:
- cols: 4
  name: shoulder
  rows: 4
  transformation_matrix:
  - [0.9435934570568857, -0.0, -0.33110630890914045, 0.0, 0.0, 1.0, -0.0, 0.0, 0.33110630890914045,
    0.0, 0.9435934570568857, 0.04805, 0.0, 0.0, 0.0, 1.0]
Joint_3_pose:
- cols: 4
  name: elbow
  rows: 4
  transformation_matrix:
  - [0.4178237036103538, 0.0, 0.9085281243315076, 0.05955, 0.0, 1.0, 0.0, 0.0, -0.9085281243315076,
    0.0, 0.4178237036103538, 0.3, 0.0, 0.0, 0.0, 1.0]
Joint_4_pose:
- cols: 4
  name: forearm_roll
  rows: 4
  transformation_matrix:
  - [1.0, -0.0, 0.0, 0.2, 0.0, 0.9999988234516364, 0.0015339802289716206, 0.0, -0.0,
    -0.0015339802289716206, 0.9999988234516364, 0.0, 0.0, 0.0, 0.0, 1.0]
Joint_5_pose:
- cols: 4
  name: wrist_angle
  rows: 4
  transformation_matrix:
  - [0.6272517934264137, -0.0, -0.7788165301554325, 0.1, 0.0, 1.0, -0.0, 0.0, 0.7788165301554325,
    0.0, 0.6272517934264137, 0.0, 0.0, 0.0, 0.0, 1.0]
Joint_6_pose:
- cols: 4
  name: wrist_rotate
  rows: 4
  transformation_matrix:
  - [1.0, -0.0, 0.0, 0.159744, 0.0, 0.9992647472590691, 0.03834012109095149, 0.0,
    -0.0, -0.03834012109095149, 0.9992647472590691, 0.0, 0.0, 0.0, 0.0, 1.0]
Tag_0_pose:
- cols: 4
  rows: 4
  transformation_matrix:
  - [0.9952757005434532, -0.0888499298063655, -0.039140386829240786, 0.296379041291173,
    -0.035462675587063265, 0.04260074648294307, -0.9984626057290793, -0.033010028480179775,
    0.0903807421298663, 0.9951335922239286, 0.03924863156282873, 0.3606732501438176,
    0.0, 0.0, 0.0, 1.0]
Tag_1_pose:
- cols: 4
  rows: 4
  transformation_matrix:
  - [0.03914038682924059, -0.08884992980636552, 0.9952757005434529, 0.32482548369392206,
    0.998462605729079, 0.042600746482942764, -0.03546267558706295, -0.006527530401274329,
    -0.03924863156282826, 0.9951335922239283, 0.09038074212986658, 0.3620793831844111,
    0.0, 0.0, 0.0, 1.0]
Tag_2_pose:
- cols: 4
  rows: 4
  transformation_matrix:
  - [-0.9952757005434525, -0.08884992980636547, 0.039140386829240766, 0.2985317625667812,
    0.03546267558706325, 0.04260074648294354, 0.9984626057290789, 0.02190541483491959,
    -0.09038074212986627, 0.9951335922239282, -0.03924863156282854, 0.358514575407862,
    0.0, 0.0, 0.0, 1.0]
