EE_pose:
- cols: 4
  rows: 4
  transformation_matrix:
  - [0.9954127080375018, 0.038689408458913374, -0.08750240197015471, 0.3674921867474545,
    -0.035478129516315474, 0.9986491825345152, 0.03796198821410619, -0.013295475949716938,
    0.08885292906522957, -0.03468342394060532, 0.9954407150103343, 0.2338897208964914,
    0.0, 0.0, 0.0, 1.0]
Joint_1_pose:
- cols: 4
  name: waist
  rows: 4
  transformation_matrix:
  - [0.9993223845849204, 0.03680722303445884, 0.0, 0.0, -0.03680722303445884, 0.9993223845849204,
    -0.0, 0.0, -0.0, 0.0, 1.0, 0.079, 0.0, 0.0, 0.0, 1.0]
Joint_2_pose:
- cols: 4
  name: shoulder
  rows: 4
  transformation_matrix:
  - [0.9420597342738483, -0.0, -0.3354451625227085, 0.0, 0.0, 1.0, -0.0, 0.0, 0.3354451625227085,
    0.0, 0.9420597342738483, 0.04805, 0.0, 0.0, 0.0, 1.0]
Joint_3_pose:
- cols: 4
  name: elbow
  rows: 4
  transformation_matrix:
  - [0.4220002704471314, 0.0, 0.9065957046790747, 0.05955, 0.0, 1.0, 0.0, 0.0, -0.9065957046790747,
    0.0, 0.4220002704471314, 0.3, 0.0, 0.0, 0.0, 1.0]
Joint_4_pose:
- cols: 4
  name: forearm_roll
  rows: 4
  transformation_matrix:
  - [1.0, -0.0, 0.0, 0.2, 0.0, 0.9999988234516364, 0.0015339802289716206, 0.0, -0.0,
    -0.0015339802289716206, 0.9999988234516364, 0.0, 0.0, 0.0, 0.0, 1.0]
Joint_5_pose:
- cols: 4
  name: wrist_angle
  rows: 4
  transformation_matrix:
  - [0.6355783221207482, -0.0, -0.7720363958066839, 0.1, 0.0, 1.0, -0.0, 0.0, 0.7720363958066839,
    0.0, 0.6355783221207482, 0.0, 0.0, 0.0, 0.0, 1.0]
Joint_6_pose:
- cols: 4
  name: wrist_rotate
  rows: 4
  transformation_matrix:
  - [1.0, -0.0, 0.0, 0.159744, 0.0, 0.9994306044687832, 0.03374117441884127, 0.0,
    -0.0, -0.03374117441884127, 0.9994306044687832, 0.0, 0.0, 0.0, 0.0, 1.0]
Tag_0_pose:
- cols: 4
  rows: 4
  transformation_matrix:
  - [0.9954127080375018, -0.08750240197015485, -0.03868940845891343, 0.29717335284680646,
    -0.03547812951631553, 0.03796198821410592, -0.9986491825345155, -0.03365581836696148,
    0.08885292906522972, 0.9954407150103345, 0.03468342394060505, 0.36209409337638004,
    0.0, 0.0, 0.0, 1.0]
Tag_1_pose:
- cols: 4
  rows: 4
  transformation_matrix:
  - [0.03868940845891333, -0.08750240197015524, 0.995412708037502, 0.32561116105045773,
    0.9986491825345155, 0.037961988214106346, -0.03547812951631557, -0.007168614408960993,
    -0.03468342394060564, 0.9954407150103344, 0.0888529290652299, 0.36358375476730714,
    0.0, 0.0, 0.0, 1.0]
Tag_2_pose:
- cols: 4
  rows: 4
  transformation_matrix:
  - [-0.9954127080375023, -0.08750240197015485, 0.03868940845891343, 0.2993012703120466,
    0.03547812951631553, 0.0379619882141059, 0.9986491825345155, 0.02126988667243683,
    -0.08885292906522972, 0.9954407150103345, -0.03468342394060553, 0.3601865050596467,
    0.0, 0.0, 0.0, 1.0]
