EE_pose:
- cols: 4
  rows: 4
  transformation_matrix:
  - [0.995885888118492, -0.0428536985765003, 0.07984271015413269, 0.3858594646942137,
    0.04586247492348948, 0.9982902487524403, -0.036238275892806086, 0.017769576047475727,
    -0.07815325482879576, 0.03975097186365748, 0.9961485476551979, 0.2594271780003764,
    0.0, 0.0, 0.0, 1.0]
Joint_1_pose:
- cols: 4
  name: waist
  rows: 4
  transformation_matrix:
  - [0.9989412931814996, -0.04600318224724523, 0.0, 0.0, 0.04600318224724523, 0.9989412931814996,
    0.0, 0.0, 0.0, 0.0, 1.0, 0.079, 0.0, 0.0, 0.0, 1.0]
Joint_2_pose:
- cols: 4
  name: shoulder
  rows: 4
  transformation_matrix:
  - [0.9006834192929519, -0.0, -0.4344759811666884, 0.0, 0.0, 1.0, -0.0, 0.0, 0.4344759811666884,
    0.0, 0.9006834192929519, 0.04805, 0.0, 0.0, 0.0, 1.0]
Joint_3_pose:
- cols: 4
  name: elbow
  rows: 4
  transformation_matrix:
  - [0.5695204749808692, 0.0, 0.821977146019015, 0.05955, 0.0, 1.0, 0.0, 0.0, -0.821977146019015,
    0.0, 0.5695204749808692, 0.3, 0.0, 0.0, 0.0, 1.0]
Joint_4_pose:
- cols: 4
  name: forearm_roll
  rows: 4
  transformation_matrix:
  - [1.0, 0.0, 0.0, 0.2, 0.0, 1.0, 0.0, 0.0, 0.0, 0.0, 1.0, 0.0, 0.0, 0.0, 0.0, 1.0]
Joint_5_pose:
- cols: 4
  name: wrist_angle
  rows: 4
  transformation_matrix:
  - [0.9059472902412304, -0.0, -0.42339049033318155, 0.1, 0.0, 1.0, -0.0, 0.0, 0.42339049033318155,
    0.0, 0.9059472902412304, 0.0, 0.0, 0.0, 0.0, 1.0]
Joint_6_pose:
- cols: 4
  name: wrist_rotate
  rows: 4
  transformation_matrix:
  - [1.0, 0.0, 0.0, 0.159744, 0.0, 0.9992047585648269, -0.03987292892936223, 0.0,
    0.0, 0.03987292892936223, 0.9992047585648269, 0.0, 0.0, 0.0, 0.0, 1.0]
Tag_0_pose:
- cols: 4
  rows: 4
  transformation_matrix:
  - [0.995885888118492, 0.07984271015413286, 0.04285369857650034, 0.34001257726567763,
    0.04586247492348953, -0.03623827589280589, -0.9982902487524403, -0.017157734860716454,
    -0.07815325482879591, 0.9961485476551979, -0.039750971863657295, 0.39534549513715533,
    0.0, 0.0, 0.0, 1.0]
Tag_1_pose:
- cols: 4
  rows: 4
  transformation_matrix:
  - [-0.04285369857650023, 0.07984271015413269, 0.9958858881184922, 0.36622096247808233,
    0.9982902487524404, -0.03623827589280637, 0.04586247492348916, 0.011556465040371609,
    0.0397509718636575, 0.996148547655198, -0.07815325482879598, 0.39428943235561403,
    0.0, 0.0, 0.0, 1.0]
Tag_2_pose:
- cols: 4
  rows: 4
  transformation_matrix:
  - [-0.995885888118492, 0.07984271015413286, -0.04285369857650034, 0.33765562384396997,
    -0.04586247492348953, -0.03623827589280593, 0.9982902487524403, 0.03774822882066775,
    0.07815325482879591, 0.9961485476551979, 0.03975097186365728, 0.3975317985896565,
    0.0, 0.0, 0.0, 1.0]
