EE_pose:
- cols: 4
  rows: 4
  transformation_matrix:
  - [0.9746789205992109, -0.028071773937664347, -0.2218399811746066, 0.2273457924972583,
    -0.0029902869422449366, 0.9903635950219845, -0.13845940863348255, -0.0006974903635557604,
    0.22358904249439457, 0.13561683215266213, 0.9652025771377305, 0.28294442084785915,
    0.0, 0.0, 0.0, 1.0]
Joint_1_pose:
- cols: 4
  name: waist
  rows: 4
  transformation_matrix:
  - [0.9999952938093143, 0.0030679568483393837, 0.0, 0.0, -0.0030679568483393837,
    0.9999952938093143, -0.0, 0.0, -0.0, 0.0, 1.0, 0.079, 0.0, 0.0, 0.0, 1.0]
Joint_2_pose:
- cols: 4
  name: shoulder
  rows: 4
  transformation_matrix:
  - [0.30346794293634793, -0.0, -0.9528416487591114, 0.0, 0.0, 1.0, -0.0, 0.0, 0.9528416487591114,
    0.0, 0.30346794293634793, 0.04805, 0.0, 0.0, 0.0, 1.0]
Joint_3_pose:
- cols: 4
  name: elbow
  rows: 4
  transformation_matrix:
  - [0.1830398893884193, 0.0, 0.983105487164361, 0.05955, 0.0, 1.0, 0.0, 0.0, -0.983105487164361,
    0.0, 0.1830398893884193, 0.3, 0.0, 0.0, 0.0, 1.0]
Joint_4_pose:
- cols: 4
  name: forearm_roll
  rows: 4
  transformation_matrix:
  - [1.0, 0.0, 0.0, 0.2, 0.0, 1.0, 0.0, 0.0, 0.0, 0.0, 1.0, 0.0, 0.0, 0.0, 0.0, 1.0]
Joint_5_pose:
- cols: 4
  name: wrist_angle
  rows: 4
  transformation_matrix:
  - [0.9394592207458968, -0.0, -0.34266072514297924, 0.1, 0.0, 1.0, -0.0, 0.0, 0.34266072514297924,
    0.0, 0.9394592207458968, 0.0, 0.0, 0.0, 0.0, 1.0]
Joint_6_pose:
- cols: 4
  name: wrist_rotate
  rows: 4
  transformation_matrix:
  - [1.0, 0.0, 0.0, 0.159744, 0.0, 0.990272811190961, -0.13913935250658335, 0.0, 0.0,
    0.13913935250658335, 0.990272811190961, 0.0, 0.0, 0.0, 0.0, 1.0]
Tag_0_pose:
- cols: 4
  rows: 4
  transformation_matrix:
  - [0.9746789205992108, -0.22183998117460677, 0.02807177393766433, 0.14219611818842406,
    -0.0029902869422449296, -0.13845940863348247, -0.9903635950219847, -0.04617450505175605,
    0.22358904249439474, 0.9652025771377306, -0.13561683215266204, 0.3946449900836738,
    0.0, 0.0, 0.0, 1.0]
Tag_1_pose:
- cols: 4
  rows: 4
  transformation_matrix:
  - [-0.028071773937664468, -0.22183998117460668, 0.974678920599211, 0.16822781472161658,
    0.9903635950219846, -0.13845940863348272, -0.0029902869422449574, -0.01902173907956322,
    0.13561683215266213, 0.9652025771377306, 0.2235890424943946, 0.40452315163646785,
    0.0, 0.0, 0.0, 1.0]
Tag_2_pose:
- cols: 4
  rows: 4
  transformation_matrix:
  - [-0.9746789205992111, -0.22183998117460677, -0.02807177393766433, 0.1406521706218524,
    0.0029902869422449296, -0.1384594086334825, 0.9903635950219847, 0.008295492674453085,
    -0.22358904249439474, 0.9652025771377306, 0.13561683215266174, 0.40210391585207017,
    0.0, 0.0, 0.0, 1.0]
