EE_pose:
- cols: 4
  rows: 4
  transformation_matrix:
  - [0.9971954162459942, -0.07322832150062415, 0.015456867346901073, 0.4296401635024017,
    0.07355755318299266, 0.9970498284486378, -0.021930024174023455, 0.03169216250045566,
    -0.013805368075849214, 0.023005488926412174, 0.9996400148511198, 0.29648707919782813,
    0.0, 0.0, 0.0, 1.0]
Joint_1_pose:
- cols: 4
  name: waist
  rows: 4
  transformation_matrix:
  - [0.9972904566649832, -0.07356456378548883, 0.0, 0.0, 0.07356456378548883, 0.9972904566649832,
    0.0, 0.0, 0.0, 0.0, 1.0, 0.079, 0.0, 0.0, 0.0, 1.0]
Joint_2_pose:
- cols: 4
  name: shoulder
  rows: 4
  transformation_matrix:
  - [0.9451071867207465, -0.0, -0.3267604713070357, 0.0, 0.0, 1.0, -0.0, 0.0, 0.3267604713070357,
    0.0, 0.9451071867207465, 0.04805, 0.0, 0.0, 0.0, 1.0]
Joint_3_pose:
- cols: 4
  name: elbow
  rows: 4
  transformation_matrix:
  - [0.7081906246738403, 0.0, 0.7060212738466709, 0.05955, 0.0, 1.0, 0.0, 0.0, -0.7060212738466709,
    0.0, 0.7081906246738403, 0.3, 0.0, 0.0, 0.0, 1.0]
Joint_4_pose:
- cols: 4
  name: forearm_roll
  rows: 4
  transformation_matrix:
  - [1.0, 0.0, 0.0, 0.2, 0.0, 1.0, 0.0, 0.0, 0.0, 0.0, 1.0, 0.0, 0.0, 0.0, 0.0, 1.0]
Joint_5_pose:
- cols: 4
  name: wrist_angle
  rows: 4
  transformation_matrix:
  - [0.9059472902412304, -0.0, -0.42339049033318155, 0.1, 0.0, 1.0, -0.0, 0.0, 0.42339049033318155,
    0.0, 0.9059472902412304, 0.0, 0.0, 0.0, 0.0, 1.0]
Joint_6_pose:
- cols: 4
  name: wrist_rotate
  rows: 4
  transformation_matrix:
  - [1.0, 0.0, 0.0, 0.159744, 0.0, 0.9997352882592221, -0.02300768152705091, 0.0,
    0.0, 0.02300768152705091, 0.9997352882592221, 0.0, 0.0, 0.0, 0.0, 1.0]
Tag_0_pose:
- cols: 4
  rows: 4
  transformation_matrix:
  - [0.9971954162459942, 0.015456867346901073, 0.07322832150062417, 0.37598946224431457,
    0.07355755318299267, -0.021930024174023476, -0.9970498284486378, -0.002901101953745832,
    -0.013805368075849221, 0.9996400148511198, -0.02300548892641219, 0.4296056405496305,
    0.0, 0.0, 0.0, 1.0]
Tag_1_pose:
- cols: 4
  rows: 4
  transformation_matrix:
  - [-0.07322832150062453, 0.015456867346901049, 0.9971954162459942, 0.4013985573498124,
    0.9970498284486378, -0.02193002417402312, 0.07355755318299295, 0.026540601041124018,
    0.02300548892641191, 0.9996400148511199, -0.0138053680758492, 0.42985864387302103,
    0.0, 0.0, 0.0, 1.0]
Tag_2_pose:
- cols: 4
  rows: 4
  transformation_matrix:
  - [-0.9971954162459942, 0.015456867346901073, -0.07322832150062417, 0.37196190456178024,
    -0.07355755318299267, -0.021930024174023455, 0.9970498284486378, 0.05193663861092926,
    0.013805368075849221, 0.9996400148511198, 0.023005488926412188, 0.4308709424405832,
    0.0, 0.0, 0.0, 1.0]
