EE_pose:
- cols: 4
  rows: 4
  transformation_matrix:
  - [0.9955160696520928, -0.08209946950011549, 0.04698331802085855, 0.4704020742855588,
    0.08265267085529437, 0.996528720958759, -0.009952100521304316, 0.03905510820047291,
    -0.04600316364051388, 0.013790772715819058, 0.9988460960142782, 0.28952106496595514,
    0.0, 0.0, 0.0, 1.0]
Joint_1_pose:
- cols: 4
  name: waist
  rows: 4
  transformation_matrix:
  - [0.9965711454649796, -0.08274026847079079, 0.0, 0.0, 0.08274026847079079, 0.9965711454649796,
    0.0, 0.0, 0.0, 0.0, 1.0, 0.079, 0.0, 0.0, 0.0, 1.0]
Joint_2_pose:
- cols: 4
  name: shoulder
  rows: 4
  transformation_matrix:
  - [0.9816726848029433, -0.0, -0.19057476200111342, 0.0, 0.0, 1.0, -0.0, 0.0, 0.19057476200111342,
    0.0, 0.9816726848029433, 0.04805, 0.0, 0.0, 0.0, 1.0]
Joint_3_pose:
- cols: 4
  name: elbow
  rows: 4
  transformation_matrix:
  - [0.7930419545528641, 0.0, 0.6091670200519502, 0.05955, 0.0, 1.0, 0.0, 0.0, -0.6091670200519502,
    0.0, 0.7930419545528641, 0.3, 0.0, 0.0, 0.0, 1.0]
Joint_4_pose:
- cols: 4
  name: forearm_roll
  rows: 4
  transformation_matrix:
  - [1.0, 0.0, 0.0, 0.2, 0.0, 1.0, 0.0, 0.0, 0.0, 0.0, 1.0, 0.0, 0.0, 0.0, 0.0, 1.0]
Joint_5_pose:
- cols: 4
  name: wrist_angle
  rows: 4
  transformation_matrix:
  - [0.9142097472242354, -0.0, -0.40524133313397287, 0.1, 0.0, 1.0, -0.0, 0.0, 0.40524133313397287,
    0.0, 0.9142097472242354, 0.0, 0.0, 0.0, 0.0, 1.0]
Joint_6_pose:
- cols: 4
  name: wrist_rotate
  rows: 4
  transformation_matrix:
  - [1.0, 0.0, 0.0, 0.159744, 0.0, 0.9999047010823705, -0.013805388562993239, 0.0,
    0.0, 0.013805388562993239, 0.9999047010823705, 0.0, 0.0, 0.0, 0.0, 1.0]
Tag_0_pose:
- cols: 4
  rows: 4
  transformation_matrix:
  - [0.9955160696520928, 0.04698331802085849, 0.08209946950011542, 0.4212855524506633,
    0.0826526708552943, -0.009952100521304137, -0.9965287209587588, 0.005542789171778296,
    -0.04600316364051381, 0.998846096014278, -0.013790772715818873, 0.42465113128584436,
    0.0, 0.0, 0.0, 1.0]
Tag_1_pose:
- cols: 4
  rows: 4
  transformation_matrix:
  - [-0.08209946950011549, 0.04698331802085881, 0.9955160696520928, 0.4464045089548425,
    0.9965287209587592, -0.009952100521304241, 0.08265267085529426, 0.035220277446664776,
    0.013790772715818855, 0.9988460960142783, -0.046003163640514266, 0.42376529053541523,
    0.0, 0.0, 0.0, 1.0]
Tag_2_pose:
- cols: 4
  rows: 4
  transformation_matrix:
  - [-0.9955160696520923, 0.04698331802085849, -0.08209946950011542, 0.4167700816281569,
    -0.0826526708552943, -0.00995210052130413, 0.9965287209587588, 0.06035186882451007,
    0.04600316364051381, 0.998846096014278, 0.01379077271581941, 0.4254096237852143,
    0.0, 0.0, 0.0, 1.0]
