EE_pose:
- cols: 4
  rows: 4
  transformation_matrix:
  - [0.9811997444292165, -0.07160518270197438, 0.1792198631353592, 0.5583867319662582,
    0.0769192147699404, 0.9967749855463494, -0.022870561607680598, 0.04377362428460785,
    -0.17700422574395164, 0.03622604034795687, 0.9835431754984081, 0.2458500781258699,
    0.0, 0.0, 0.0, 1.0]
Joint_1_pose:
- cols: 4
  name: waist
  rows: 4
  transformation_matrix:
  - [0.9969413573127948, -0.07815324740100432, 0.0, 0.0, 0.07815324740100432, 0.9969413573127948,
    0.0, 0.0, 0.0, 0.0, 1.0, 0.079, 0.0, 0.0, 0.0, 1.0]
Joint_2_pose:
- cols: 4
  name: shoulder
  rows: 4
  transformation_matrix:
  - [0.9933892104731932, 0.0, 0.11479493244671507, 0.0, 0.0, 1.0, 0.0, 0.0, -0.11479493244671507,
    0.0, 0.9933892104731932, 0.04805, 0.0, 0.0, 0.0, 1.0]
Joint_3_pose:
- cols: 4
  name: elbow
  rows: 4
  transformation_matrix:
  - [0.9368034416367105, 0.0, 0.34985613005579075, 0.05955, 0.0, 1.0, 0.0, 0.0, -0.34985613005579075,
    0.0, 0.9368034416367105, 0.3, 0.0, 0.0, 0.0, 1.0]
Joint_4_pose:
- cols: 4
  name: forearm_roll
  rows: 4
  transformation_matrix:
  - [1.0, 0.0, 0.0, 0.2, 0.0, 1.0, 0.0, 0.0, 0.0, 0.0, 1.0, 0.0, 0.0, 0.0, 0.0, 1.0]
Joint_5_pose:
- cols: 4
  name: wrist_angle
  rows: 4
  transformation_matrix:
  - [0.9569403355158582, -0.0, -0.2902846779676749, 0.1, 0.0, 1.0, -0.0, 0.0, 0.2902846779676749,
    0.0, 0.9569403355158582, 0.0, 0.0, 0.0, 0.0, 1.0]
Joint_6_pose:
- cols: 4
  name: wrist_rotate
  rows: 4
  transformation_matrix:
  - [1.0, 0.0, 0.0, 0.159744, 0.0, 0.9993223845849204, -0.03680722303445884, 0.0,
    0.0, 0.03680722303445884, 0.9993223845849204, 0.0, 0.0, 0.0, 0.0, 1.0]
Tag_0_pose:
- cols: 4
  rows: 4
  transformation_matrix:
  - [0.9811997444292166, 0.1792198631353591, 0.07160518270197447, 0.5273977435846615,
    0.0769192147699404, -0.022870561607679786, -0.9967749855463492, 0.008868244885803438,
    -0.17700422574395158, 0.9835431754984079, -0.03622604034795607, 0.3859105656145517,
    0.0, 0.0, 0.0, 1.0]
Tag_1_pose:
- cols: 4
  rows: 4
  transformation_matrix:
  - [-0.07160518270197447, 0.17921986313535898, 0.9811997444292165, 0.5524115940321606,
    0.9967749855463492, -0.022870561607680306, 0.07691921476994057, 0.03839483539450141,
    0.036226040347956734, 0.983543175498408, -0.17700422574395136, 0.3820391655161619,
    0.0, 0.0, 0.0, 1.0]
Tag_2_pose:
- cols: 4
  rows: 4
  transformation_matrix:
  - [-0.9811997444292161, 0.1792198631353591, -0.07160518270197447, 0.5234594585360528,
    -0.0769192147699404, -0.02287056160767975, 0.9967749855463492, 0.06369086909085267,
    0.17700422574395158, 0.9835431754984079, 0.03622604034795662, 0.3879029978336892,
    0.0, 0.0, 0.0, 1.0]
