EE_pose:
- cols: 4
  rows: 4
  transformation_matrix:
  - [0.9711735745580862, -0.01660637104271797, 0.23779427352411364, 0.5678546349374035,
    0.025331691047609586, 0.9991114532853466, -0.03368396269311415, 0.01481168613832282,
    -0.2370236138209395, 0.03873670552375651, 0.9707313089297305, 0.22085641458466865,
    0.0, 0.0, 0.0, 1.0]
Joint_1_pose:
- cols: 4
  name: waist
  rows: 4
  transformation_matrix:
  - [0.9996599967098599, -0.026074719136413245, 0.0, 0.0, 0.026074719136413245, 0.9996599967098599,
    0.0, 0.0, 0.0, 0.0, 1.0, 0.079, 0.0, 0.0, 0.0, 1.0]
Joint_2_pose:
- cols: 4
  name: shoulder
  rows: 4
  transformation_matrix:
  - [0.9863080959467629, 0.0, 0.16491312825203183, 0.0, 0.0, 1.0, 0.0, 0.0, -0.16491312825203183,
    0.0, 0.9863080959467629, 0.04805, 0.0, 0.0, 0.0, 1.0]
Joint_3_pose:
- cols: 4
  name: elbow
  rows: 4
  transformation_matrix:
  - [0.9441002588250622, 0.0, 0.3296584615726562, 0.05955, 0.0, 1.0, 0.0, 0.0, -0.3296584615726562,
    0.0, 0.9441002588250622, 0.3, 0.0, 0.0, 0.0, 1.0]
Joint_4_pose:
- cols: 4
  name: forearm_roll
  rows: 4
  transformation_matrix:
  - [1.0, 0.0, 0.0, 0.2, 0.0, 1.0, 0.0, 0.0, 0.0, 0.0, 1.0, 0.0, 0.0, 0.0, 0.0, 1.0]
Joint_5_pose:
- cols: 4
  name: wrist_angle
  rows: 4
  transformation_matrix:
  - [0.965793359184963, -0.0, -0.2593129139750373, 0.1, 0.0, 1.0, -0.0, 0.0, 0.2593129139750373,
    0.0, 0.965793359184963, 0.0, 0.0, 0.0, 0.0, 1.0]
Joint_6_pose:
- cols: 4
  name: wrist_rotate
  rows: 4
  transformation_matrix:
  - [1.0, 0.0, 0.0, 0.159744, 0.0, 0.9992047585648269, -0.03987292892936223, 0.0,
    0.0, 0.03987292892936223, 0.9992047585648269, 0.0, 0.0, 0.0, 0.0, 1.0]
Tag_0_pose:
- cols: 4
  rows: 4
  transformation_matrix:
  - [0.9711735745580862, 0.2377942735241137, 0.016606371042717977, 0.543723916396541,
    0.025331691047609572, -0.03368396269311431, -0.999111453285347, -0.01861010949880693,
    -0.23702361382093953, 0.9707313089297308, -0.03873670552375666, 0.3626179575592991,
    0.0, 0.0, 0.0, 1.0]
Tag_1_pose:
- cols: 4
  rows: 4
  transformation_matrix:
  - [-0.016606371042718004, 0.2377942735241138, 0.9711735745580861, 0.5699745144932138,
    0.9991114532853465, -0.03368396269311369, 0.025331691047609683, 0.009562076970349363,
    0.03873670552375624, 0.9707313089297304, -0.2370236138209395, 0.35716506758112654,
    0.0, 0.0, 0.0, 1.0]
Tag_2_pose:
- cols: 4
  rows: 4
  transformation_matrix:
  - [-0.9711735745580867, 0.2377942735241137, -0.016606371042717977, 0.5428105659891915,
    -0.025331691047609572, -0.033683962693114355, 0.999111453285347, 0.03634102043188712,
    0.23702361382093953, 0.9707313089297308, 0.038736705523756076, 0.3647484763631057,
    0.0, 0.0, 0.0, 1.0]
