EE_pose:
- cols: 4
  rows: 4
  transformation_matrix:
  - [0.9622112007685396, 0.035205517944443154, 0.2700188449383277, 0.5708090666935,
    -0.025097920185389318, 0.9988522435254923, -0.0407957106379874, -0.01488874831796536,
    -0.27114516318373255, 0.032477178300370585, 0.9619904019124687, 0.20076058565363974,
    0.0, 0.0, 0.0, 1.0]
Joint_1_pose:
- cols: 4
  name: waist
  rows: 4
  transformation_matrix:
  - [0.9996599967098599, 0.026074719136413245, 0.0, 0.0, -0.026074719136413245, 0.9996599967098599,
    -0.0, 0.0, -0.0, 0.0, 1.0, 0.079, 0.0, 0.0, 0.0, 1.0]
Joint_2_pose:
- cols: 4
  name: shoulder
  rows: 4
  transformation_matrix:
  - [0.9798771029783717, 0.0, 0.19960176116135248, 0.0, 0.0, 1.0, 0.0, 0.0, -0.19960176116135248,
    0.0, 0.9798771029783717, 0.04805, 0.0, 0.0, 0.0, 1.0]
Joint_3_pose:
- cols: 4
  name: elbow
  rows: 4
  transformation_matrix:
  - [0.9441002588250622, 0.0, 0.3296584615726562, 0.05955, 0.0, 1.0, 0.0, 0.0, -0.3296584615726562,
    0.0, 0.9441002588250622, 0.3, 0.0, 0.0, 0.0, 1.0]
Joint_4_pose:
- cols: 4
  name: forearm_roll
  rows: 4
  transformation_matrix:
  - [1.0, 0.0, 0.0, 0.2, 0.0, 1.0, 0.0, 0.0, 0.0, 0.0, 1.0, 0.0, 0.0, 0.0, 0.0, 1.0]
Joint_5_pose:
- cols: 4
  name: wrist_angle
  rows: 4
  transformation_matrix:
  - [0.965793359184963, -0.0, -0.2593129139750373, 0.1, 0.0, 1.0, -0.0, 0.0, 0.2593129139750373,
    0.0, 0.965793359184963, 0.0, 0.0, 0.0, 0.0, 1.0]
Joint_6_pose:
- cols: 4
  name: wrist_rotate
  rows: 4
  transformation_matrix:
  - [1.0, 0.0, 0.0, 0.159744, 0.0, 0.9994306044687832, -0.03374117441884127, 0.0,
    0.0, 0.03374117441884127, 0.9994306044687832, 0.0, 0.0, 0.0, 0.0, 1.0]
Tag_0_pose:
- cols: 4
  rows: 4
  transformation_matrix:
  - [0.9622112007685396, 0.2700188449383276, -0.035205517944443196, 0.5500581545214442,
    -0.02509792018538934, -0.0407957106379877, -0.9988522435254925, -0.0463302821568043,
    -0.27114516318373255, 0.9619904019124688, -0.032477178300370876, 0.3435067683043333,
    0.0, 0.0, 0.0, 1.0]
Tag_1_pose:
- cols: 4
  rows: 4
  transformation_matrix:
  - [0.03520551794444321, 0.2700188449383274, 0.9622112007685397, 0.5774871142860514,
    0.9988522435254923, -0.040795710637987315, -0.025097920185389422, -0.019552038264951478,
    0.0324771783003705, 0.9619904019124688, -0.2711451631837323, 0.3369433987200409,
    0.0, 0.0, 0.0, 1.0]
Tag_2_pose:
- cols: 4
  rows: 4
  transformation_matrix:
  - [-0.9622112007685399, 0.2700188449383276, 0.035205517944443196, 0.5519944580083886,
    0.02509792018538934, -0.0407957106379877, 0.9988522435254925, 0.008606591237097753,
    0.27114516318373255, 0.9619904019124688, 0.03247717830037056, 0.3452930131108537,
    0.0, 0.0, 0.0, 1.0]
