EE_pose:
- cols: 4
  rows: 4
  transformation_matrix:
  - [0.9539712959570633, 0.06725491410470183, 0.29225937627178067, 0.571911874470986,
    -0.05567126856139499, 0.9973051408421147, -0.047782485354515875, -0.03337528046395025,
    -0.29468538536338396, 0.029312669251684822, 0.9551446440589902, 0.18711499854389554,
    0.0, 0.0, 0.0, 1.0]
Joint_1_pose:
- cols: 4
  name: waist
  rows: 4
  transformation_matrix:
  - [0.9983015448529563, 0.058258265887347865, 0.0, 0.0, -0.058258265887347865, 0.9983015448529563,
    -0.0, 0.0, -0.0, 0.0, 1.0, 0.079, 0.0, 0.0, 0.0, 1.0]
Joint_2_pose:
- cols: 4
  name: shoulder
  rows: 4
  transformation_matrix:
  - [0.9746835076456561, 0.0, 0.22358904249439462, 0.0, 0.0, 1.0, 0.0, 0.0, -0.22358904249439462,
    0.0, 0.9746835076456561, 0.04805, 0.0, 0.0, 0.0, 1.0]
Joint_3_pose:
- cols: 4
  name: elbow
  rows: 4
  transformation_matrix:
  - [0.9446048390215336, 0.0, 0.32820983851356844, 0.05955, 0.0, 1.0, 0.0, 0.0, -0.32820983851356844,
    0.0, 0.9446048390215336, 0.3, 0.0, 0.0, 0.0, 1.0]
Joint_4_pose:
- cols: 4
  name: forearm_roll
  rows: 4
  transformation_matrix:
  - [1.0, 0.0, 0.0, 0.2, 0.0, 1.0, 0.0, 0.0, 0.0, 0.0, 1.0, 0.0, 0.0, 0.0, 0.0, 1.0]
Joint_5_pose:
- cols: 4
  name: wrist_angle
  rows: 4
  transformation_matrix:
  - [0.9661900048760945, -0.0, -0.2578310968008561, 0.1, 0.0, 1.0, -0.0, 0.0, 0.2578310968008561,
    0.0, 0.9661900048760945, 0.0, 0.0, 0.0, 0.0, 1.0]
Joint_6_pose:
- cols: 4
  name: wrist_rotate
  rows: 4
  transformation_matrix:
  - [1.0, 0.0, 0.0, 0.159744, 0.0, 0.9995294174606209, -0.030674804495415108, 0.0,
    0.0, 0.030674804495415108, 0.9995294174606209, 0.0, 0.0, 0.0, 0.0, 1.0]
Tag_0_pose:
- cols: 4
  rows: 4
  transformation_matrix:
  - [0.9539712959570633, 0.29225937627178067, -0.06725491410470189, 0.5537145415213148,
    -0.0556712685613949, -0.04778248535451634, -0.997305140842115, -0.06393384573305255,
    -0.29468538536338396, 0.9551446440589904, -0.029312669251685287, 0.3304002881924469,
    0.0, 0.0, 0.0, 1.0]
Tag_1_pose:
- cols: 4
  rows: 4
  transformation_matrix:
  - [0.0672549141047018, 0.2922593762717805, 0.9539712959570634, 0.5817982622980135,
    0.997305140842115, -0.04778248535451618, -0.05567126856139509, -0.03803891424533278,
    0.02931266925168502, 0.9551446440589904, -0.29468538536338396, 0.32310253849937515,
    0.0, 0.0, 0.0, 1.0]
Tag_2_pose:
- cols: 4
  rows: 4
  transformation_matrix:
  - [-0.9539712959570634, 0.29225937627178067, 0.06725491410470189, 0.5574135617970736,
    0.0556712685613949, -0.047782485354516346, 0.997305140842115, -0.009082062986736278,
    0.29468538536338396, 0.9551446440589904, 0.029312669251685186, 0.33201248500128944,
    0.0, 0.0, 0.0, 1.0]
