EE_pose:
- cols: 4
  rows: 4
  transformation_matrix:
  - [0.948147990020338, 0.07915536594539155, 0.30781458227713043, 0.5756797497354956,
    -0.06662588692610072, 0.9964727111937545, -0.05102084904702133, -0.04061038012554753,
    -0.31076740532382674, 0.027866895920063327, 0.9500773946895468, 0.17739261397909684,
    0.0, 0.0, 0.0, 1.0]
Joint_1_pose:
- cols: 4
  name: waist
  rows: 4
  transformation_matrix:
  - [0.9975114562152639, 0.07050457232905892, 0.0, 0.0, -0.07050457232905892, 0.9975114562152639,
    -0.0, 0.0, -0.0, 0.0, 1.0, 0.079, 0.0, 0.0, 0.0, 1.0]
Joint_2_pose:
- cols: 4
  name: shoulder
  rows: 4
  transformation_matrix:
  - [0.9685220947341647, 0.0, 0.2489276039569449, 0.0, 0.0, 1.0, 0.0, 0.0, -0.2489276039569449,
    0.0, 0.9685220947341647, 0.04805, 0.0, 0.0, 0.0, 1.0]
Joint_3_pose:
- cols: 4
  name: elbow
  rows: 4
  transformation_matrix:
  - [0.9490458770967728, 0.0, 0.31513794307511955, 0.05955, 0.0, 1.0, 0.0, 0.0, -0.31513794307511955,
    0.0, 0.9490458770967728, 0.3, 0.0, 0.0, 0.0, 1.0]
Joint_4_pose:
- cols: 4
  name: forearm_roll
  rows: 4
  transformation_matrix:
  - [1.0, -0.0, 0.0, 0.2, 0.0, 0.9999988234516364, 0.0015339802289716206, 0.0, -0.0,
    -0.0015339802289716206, 0.9999988234516364, 0.0, 0.0, 0.0, 0.0, 1.0]
Joint_5_pose:
- cols: 4
  name: wrist_angle
  rows: 4
  transformation_matrix:
  - [0.9673662893836263, -0.0, -0.25338204783321594, 0.1, 0.0, 1.0, -0.0, 0.0, 0.25338204783321594,
    0.0, 0.9673662893836263, 0.0, 0.0, 0.0, 0.0, 1.0]
Joint_6_pose:
- cols: 4
  name: wrist_rotate
  rows: 4
  transformation_matrix:
  - [1.0, 0.0, 0.0, 0.159744, 0.0, 0.9995294174606209, -0.030674804495415108, 0.0,
    0.0, 0.030674804495415108, 0.9995294174606209, 0.0, 0.0, 0.0, 0.0, 1.0]
Tag_0_pose:
- cols: 4
  rows: 4
  transformation_matrix:
  - [0.9481479900203379, 0.30781458227713054, -0.07915536594539148, 0.5595610647306644,
    -0.06662588692610069, -0.05102084904702114, -0.9964727111937542, -0.07094267437655864,
    -0.3107674053238268, 0.9500773946895466, -0.02786689592006314, 0.32097458703505366,
    0.0, 0.0, 0.0, 1.0]
Tag_1_pose:
- cols: 4
  rows: 4
  transformation_matrix:
  - [0.07915536594539163, 0.3078145822771303, 0.9481479900203379, 0.5878119070197219,
    0.9964727111937544, -0.051020849047021755, -0.06662588692610066, -0.04537188670919817,
    0.02786689592006375, 0.9500773946895467, -0.31076740532382663, 0.3131948230264502,
    0.0, 0.0, 0.0, 1.0]
Tag_2_pose:
- cols: 4
  rows: 4
  transformation_matrix:
  - [-0.9481479900203378, 0.30781458227713054, 0.07915536594539148, 0.563914609857661,
    0.06662588692610069, -0.05102084904702109, 0.9964727111937542, -0.01613667526090215,
    0.3107674053238268, 0.9500773946895466, 0.027866895920063306, 0.322507266310657,
    0.0, 0.0, 0.0, 1.0]
