EE_pose:
- cols: 4
  rows: 4
  transformation_matrix:
  - [0.932306812987084, 0.04054605020585559, 0.3593884030830305, 0.5545860799856202,
    -0.03577105687145459, 0.9991612708699403, -0.0199295329565177, -0.021278542568751467,
    -0.3598950374041933, 0.005724736349387746, 0.9329752351727051, 0.14170386353181344,
    0.0, 0.0, 0.0, 1.0]
Joint_1_pose:
- cols: 4
  name: waist
  rows: 4
  transformation_matrix:
  - [0.9992647472590691, 0.03834012109095149, 0.0, 0.0, -0.03834012109095149, 0.9992647472590691,
    -0.0, 0.0, -0.0, 0.0, 1.0, 0.079, 0.0, 0.0, 0.0, 1.0]
Joint_2_pose:
- cols: 4
  name: shoulder
  rows: 4
  transformation_matrix:
  - [0.9685220947341647, 0.0, 0.2489276039569449, 0.0, 0.0, 1.0, 0.0, 0.0, -0.2489276039569449,
    0.0, 0.9685220947341647, 0.04805, 0.0, 0.0, 0.0, 1.0]
Joint_3_pose:
- cols: 4
  name: elbow
  rows: 4
  transformation_matrix:
  - [0.9104412851343615, 0.0, 0.4136383279181129, 0.05955, 0.0, 1.0, 0.0, 0.0, -0.4136383279181129,
    0.0, 0.9104412851343615, 0.3, 0.0, 0.0, 0.0, 1.0]
Joint_4_pose:
- cols: 4
  name: forearm_roll
  rows: 4
  transformation_matrix:
  - [1.0, 0.0, 0.0, 0.2, 0.0, 1.0, 0.0, 0.0, 0.0, 0.0, 1.0, 0.0, 0.0, 0.0, 0.0, 1.0]
Joint_5_pose:
- cols: 4
  name: wrist_angle
  rows: 4
  transformation_matrix:
  - [0.9523750083155141, -0.0, -0.30492924349105066, 0.1, 0.0, 1.0, -0.0, 0.0, 0.30492924349105066,
    0.0, 0.9523750083155141, 0.0, 0.0, 0.0, 0.0, 1.0]
Joint_6_pose:
- cols: 4
  name: wrist_rotate
  rows: 4
  transformation_matrix:
  - [1.0, 0.0, 0.0, 0.159744, 0.0, 0.9999811752815535, -0.006135884819898878, 0.0,
    0.0, 0.006135884819898878, 0.9999811752815535, 0.0, 0.0, 0.0, 0.0, 1.0]
Tag_0_pose:
- cols: 4
  rows: 4
  transformation_matrix:
  - [0.932306812987084, 0.35938840308303055, -0.040546050205855555, 0.547305397527732,
    -0.03577105687145454, -0.019929532956517712, -0.9991612708699404, -0.04933558433984516,
    -0.3598950374041934, 0.9329752351727052, -0.00572473634938777, 0.2864637928543263,
    0.0, 0.0, 0.0, 1.0]
Tag_1_pose:
- cols: 4
  rows: 4
  transformation_matrix:
  - [0.04054605020585561, 0.3593884030830303, 0.932306812987084, 0.574058851265538,
    0.9991612708699402, -0.019929532956517726, -0.03577105687145454, -0.022842353454886805,
    0.0057247363493878045, 0.9329752351727051, -0.35989503740419315, 0.276724109575319,
    0.0, 0.0, 0.0, 1.0]
Tag_2_pose:
- cols: 4
  rows: 4
  transformation_matrix:
  - [-0.9323068129870841, 0.35938840308303055, 0.040546050205855555, 0.5495354302890539,
    0.03577105687145454, -0.01992953295651767, 0.9991612708699404, 0.005618285558001573,
    0.3598950374041934, 0.9329752351727052, 0.005724736349387638, 0.2867786533535425,
    0.0, 0.0, 0.0, 1.0]
