EE_pose:
- cols: 4
  rows: 4
  transformation_matrix:
  - [0.9600644260888058, 0.015628091648012477, 0.27934219249911585, 0.5477433217628278,
    -0.026515705890376235, 0.9990270716561332, 0.03523957206474352, -0.015127943946896552,
    -0.27851968530053106, -0.04123921494903252, 0.9595447420784925, 0.14353572014228044,
    0.0, 0.0, 0.0, 1.0]
Joint_1_pose:
- cols: 4
  name: waist
  rows: 4
  transformation_matrix:
  - [0.9996188224932495, 0.027608145848811456, 0.0, 0.0, -0.027608145848811456, 0.9996188224932495,
    -0.0, 0.0, -0.0, 0.0, 1.0, 0.079, 0.0, 0.0, 0.0, 1.0]
Joint_2_pose:
- cols: 4
  name: shoulder
  rows: 4
  transformation_matrix:
  - [0.9685220947341647, 0.0, 0.2489276039569449, 0.0, 0.0, 1.0, 0.0, 0.0, -0.2489276039569449,
    0.0, 0.9685220947341647, 0.04805, 0.0, 0.0, 0.0, 1.0]
Joint_3_pose:
- cols: 4
  name: elbow
  rows: 4
  transformation_matrix:
  - [0.8819212543969859, 0.0, 0.47139675544369924, 0.05955, 0.0, 1.0, 0.0, 0.0, -0.47139675544369924,
    0.0, 0.8819212543969859, 0.3, 0.0, 0.0, 0.0, 1.0]
Joint_4_pose:
- cols: 4
  name: forearm_roll
  rows: 4
  transformation_matrix:
  - [1.0, 0.0, 0.0, 0.2, 0.0, 1.0, 0.0, 0.0, 0.0, 0.0, 1.0, 0.0, 0.0, 0.0, 0.0, 1.0]
Joint_5_pose:
- cols: 4
  name: wrist_angle
  rows: 4
  transformation_matrix:
  - [0.8959662393120837, -0.0, -0.4441221656402232, 0.1, 0.0, 1.0, -0.0, 0.0, 0.4441221656402232,
    0.0, 0.8959662393120837, 0.0, 0.0, 0.0, 0.0, 1.0]
Joint_6_pose:
- cols: 4
  name: wrist_rotate
  rows: 4
  transformation_matrix:
  - [1.0, -0.0, 0.0, 0.159744, 0.0, 0.9990777276413401, 0.04293825952476729, 0.0,
    -0.0, -0.04293825952476729, 0.9990777276413401, 0.0, 0.0, 0.0, 0.0, 1.0]
Tag_0_pose:
- cols: 4
  rows: 4
  transformation_matrix:
  - [0.9600644260888058, 0.27934219249911585, -0.01562809164801235, 0.5288950548966506,
    -0.026515705890376245, 0.03523957206474419, -0.999027071656133, -0.036379527865373164,
    -0.27851968530053106, 0.9595447420784923, 0.041239214949033175, 0.2884106872158012,
    0.0, 0.0, 0.0, 1.0]
Tag_1_pose:
- cols: 4
  rows: 4
  transformation_matrix:
  - [0.015628091648012543, 0.2793421924991159, 0.9600644260888057, 0.5557265991344132,
    0.9990270716561331, 0.03523957206474343, -0.026515705890376107, -0.009635465306814838,
    -0.041239214949032266, 0.9595447420784924, -0.27851968530053095, 0.27961731745893814,
    0.0, 0.0, 0.0, 1.0]
Tag_2_pose:
- cols: 4
  rows: 4
  transformation_matrix:
  - [-0.9600644260888059, 0.27934219249911596, 0.015628091648012377, 0.5297545999372913,
    0.026515705890376218, 0.03523957206474382, 0.9990270716561332, 0.018566961075714192,
    0.2785196853005311, 0.9595447420784925, -0.04123921494903293, 0.28614253039360443,
    0.0, 0.0, 0.0, 1.0]
