EE_pose:
- cols: 4
  rows: 4
  transformation_matrix:
  - [0.9440602612112343, -0.017092390830117602, 0.3293297335156462, 0.53001579589761,
    -0.00868926720346988, 0.9970198424737683, 0.0766546172715576, -0.004878342052768193,
    -0.3296584897090362, -0.07522821205699885, 0.9410982925675003, 0.11893297175279244,
    0.0, 0.0, 0.0, 1.0]
Joint_1_pose:
- cols: 4
  name: waist
  rows: 4
  transformation_matrix:
  - [0.9999576445517495, 0.009203754805349615, 0.0, 0.0, -0.009203754805349615, 0.9999576445517495,
    -0.0, 0.0, -0.0, 0.0, 1.0, 0.079, 0.0, 0.0, 0.0, 1.0]
Joint_2_pose:
- cols: 4
  name: shoulder
  rows: 4
  transformation_matrix:
  - [0.9689028063098162, 0.0, 0.24744161316351565, 0.0, 0.0, 1.0, 0.0, 0.0, -0.24744161316351565,
    0.0, 0.9689028063098162, 0.04805, 0.0, 0.0, 0.0, 1.0]
Joint_3_pose:
- cols: 4
  name: elbow
  rows: 4
  transformation_matrix:
  - [0.8473066184779469, 0.0, 0.5311040333903209, 0.05955, 0.0, 1.0, 0.0, 0.0, -0.5311040333903209,
    0.0, 0.8473066184779469, 0.3, 0.0, 0.0, 0.0, 1.0]
Joint_4_pose:
- cols: 4
  name: forearm_roll
  rows: 4
  transformation_matrix:
  - [1.0, 0.0, 0.0, 0.2, 0.0, 1.0, 0.0, 0.0, 0.0, 0.0, 1.0, 0.0, 0.0, 0.0, 0.0, 1.0]
Joint_5_pose:
- cols: 4
  name: wrist_angle
  rows: 4
  transformation_matrix:
  - [0.889749584985371, -0.0, -0.4564489851214044, 0.1, 0.0, 1.0, -0.0, 0.0, 0.4564489851214044,
    0.0, 0.889749584985371, 0.0, 0.0, 0.0, 0.0, 1.0]
Joint_6_pose:
- cols: 4
  name: wrist_rotate
  rows: 4
  transformation_matrix:
  - [1.0, -0.0, 0.0, 0.159744, 0.0, 0.996820299077188, 0.07968244064827174, 0.0, -0.0,
    -0.07968244064827174, 0.996820299077188, 0.0, 0.0, 0.0, 0.0, 1.0]
Tag_0_pose:
- cols: 4
  rows: 4
  transformation_matrix:
  - [0.9440602612112343, 0.3293297335156464, 0.017092390830117682, 0.5196420476086391,
    -0.008689267203469964, 0.07665461727155787, -0.9970198424737684, -0.02159836641963343,
    -0.32965848970903633, 0.9410982925675004, 0.0752282120569991, 0.2652493043991,
    0.0, 0.0, 0.0, 1.0]
Tag_1_pose:
- cols: 4
  rows: 4
  transformation_matrix:
  - [-0.017092390830117543, 0.3293297335156462, 0.9440602612112342, 0.5451336640441198,
    0.9970198424737682, 0.0766546172715577, -0.008689267203469797, 0.0055807244002997695,
    -0.07522821205699881, 0.9410982925675002, -0.3296584897090361, 0.254114920100534,
    0.0, 0.0, 0.0, 1.0]
Tag_2_pose:
- cols: 4
  rows: 4
  transformation_matrix:
  - [-0.9440602612112345, 0.3293297335156464, -0.017092390830117682, 0.5187019661129827,
    0.008689267203469964, 0.07665461727155787, 0.9970198424737684, 0.033237724916423815,
    0.32965848970903633, 0.9410982925675004, -0.07522821205699937, 0.261111752735965,
    0.0, 0.0, 0.0, 1.0]
