EE_pose:
- cols: 4
  rows: 4
  transformation_matrix:
  - [0.9845214233146163, 0.010498953791144149, 0.1749495327340244, 0.5069069384347231,
    -0.021146569639317547, 0.9980275582524331, 0.059108506673540374, -0.010887871630232285,
    -0.17398387749171343, -0.06189317359756157, 0.9828015290153809, 0.13534409092682415,
    0.0, 0.0, 0.0, 1.0]
Joint_1_pose:
- cols: 4
  name: waist
  rows: 4
  transformation_matrix:
  - [0.9997694053233825, 0.021474081571279224, 0.0, 0.0, -0.021474081571279224, 0.9997694053233825,
    -0.0, 0.0, -0.0, 0.0, 1.0, 0.079, 0.0, 0.0, 0.0, 1.0]
Joint_2_pose:
- cols: 4
  name: shoulder
  rows: 4
  transformation_matrix:
  - [0.9763697298691322, 0.0, 0.21610680367651036, 0.0, 0.0, 1.0, 0.0, 0.0, -0.21610680367651036,
    0.0, 0.9763697298691322, 0.04805, 0.0, 0.0, 0.0, 1.0]
Joint_3_pose:
- cols: 4
  name: elbow
  rows: 4
  transformation_matrix:
  - [0.7710605302658811, 0.0, 0.6367618539659065, 0.05955, 0.0, 1.0, 0.0, 0.0, -0.6367618539659065,
    0.0, 0.7710605302658811, 0.3, 0.0, 0.0, 0.0, 1.0]
Joint_4_pose:
- cols: 4
  name: forearm_roll
  rows: 4
  transformation_matrix:
  - [1.0, 0.0, 0.0, 0.2, 0.0, 1.0, 0.0, 0.0, 0.0, 0.0, 1.0, 0.0, 0.0, 0.0, 0.0, 1.0]
Joint_5_pose:
- cols: 4
  name: wrist_angle
  rows: 4
  transformation_matrix:
  - [0.743007956710903, -0.0, -0.6692825832668059, 0.1, 0.0, 1.0, -0.0, 0.0, 0.6692825832668059,
    0.0, 0.743007956710903, 0.0, 0.0, 0.0, 0.0, 1.0]
Joint_6_pose:
- cols: 4
  name: wrist_rotate
  rows: 4
  transformation_matrix:
  - [1.0, -0.0, 0.0, 0.159744, 0.0, 0.9980228738005066, 0.06285175710334626, 0.0,
    -0.0, -0.06285175710334626, 0.9980228738005066, 0.0, 0.0, 0.0, 0.0, 1.0]
Tag_0_pose:
- cols: 4
  rows: 4
  transformation_matrix:
  - [0.9845214233146163, 0.1749495327340244, -0.010498953791144086, 0.4728998650123698,
    -0.02114656963931752, 0.059108506673540576, -0.9980275582524328, -0.029248180085719975,
    -0.1739838774917134, 0.9828015290153808, 0.061893173597561774, 0.27782939226742714,
    0.0, 0.0, 0.0, 1.0]
Tag_1_pose:
- cols: 4
  rows: 4
  transformation_matrix:
  - [0.010498953791144405, 0.17494953273402442, 0.984521423314616, 0.5002629253827781,
    0.9980275582524327, 0.059108506673540506, -0.021146569639317603, -0.002383952898859276,
    -0.06189317359756141, 0.9828015290153806, -0.17398387749171318, 0.27134277336247203,
    0.0, 0.0, 0.0, 1.0]
Tag_2_pose:
- cols: 4
  rows: 4
  transformation_matrix:
  - [-0.9845214233146162, 0.1749495327340244, 0.010498953791144086, 0.4734773074708827,
    0.02114656963931752, 0.05910850667354062, 0.9980275582524328, 0.02564333561816387,
    0.1739838774917134, 0.9828015290153808, -0.061893173597561635, 0.27442526771956127,
    0.0, 0.0, 0.0, 1.0]
