EE_pose:
- cols: 4
  rows: 4
  transformation_matrix:
  - [0.9853717660889307, 0.0069383621457287555, 0.17027724958289683, 0.49889808559664917,
    -0.018140545339727008, 0.9977643931918878, 0.06432057441597644, -0.009184638380284405,
    -0.16945029716574336, -0.06646860017450776, 0.9832947279332289, 0.131088071330584,
    0.0, 0.0, 0.0, 1.0]
Joint_1_pose:
- cols: 4
  name: waist
  rows: 4
  transformation_matrix:
  - [0.999830581794966, 0.018406729952378496, 0.0, 0.0, -0.018406729952378496, 0.999830581794966,
    -0.0, 0.0, -0.0, 0.0, 1.0, 0.079, 0.0, 0.0, 0.0, 1.0]
Joint_2_pose:
- cols: 4
  name: shoulder
  rows: 4
  transformation_matrix:
  - [0.9770281398956131, 0.0, 0.2131103325794371, 0.0, 0.0, 1.0, 0.0, 0.0, -0.2131103325794371,
    0.0, 0.9770281398956131, 0.04805, 0.0, 0.0, 0.0, 1.0]
Joint_3_pose:
- cols: 4
  name: elbow
  rows: 4
  transformation_matrix:
  - [0.7491363768585015, 0.0, 0.662415797567749, 0.05955, 0.0, 1.0, 0.0, 0.0, -0.662415797567749,
    0.0, 0.7491363768585015, 0.3, 0.0, 0.0, 0.0, 1.0]
Joint_4_pose:
- cols: 4
  name: forearm_roll
  rows: 4
  transformation_matrix:
  - [1.0, 0.0, 0.0, 0.2, 0.0, 1.0, 0.0, 0.0, 0.0, 0.0, 1.0, 0.0, 0.0, 0.0, 0.0, 1.0]
Joint_5_pose:
- cols: 4
  name: wrist_angle
  rows: 4
  transformation_matrix:
  - [0.7189370990115049, -0.0, -0.6950751381432957, 0.1, 0.0, 1.0, -0.0, 0.0, 0.6950751381432957,
    0.0, 0.7189370990115049, 0.0, 0.0, 0.0, 0.0, 1.0]
Joint_6_pose:
- cols: 4
  name: wrist_rotate
  rows: 4
  transformation_matrix:
  - [1.0, -0.0, 0.0, 0.159744, 0.0, 0.9977230662976747, 0.06744392468981832, 0.0,
    -0.0, -0.06744392468981832, 0.9977230662976747, 0.0, 0.0, 0.0, 0.0, 1.0]
Tag_0_pose:
- cols: 4
  rows: 4
  transformation_matrix:
  - [0.9853717660889308, 0.17027724958289672, -0.006938362145728724, 0.46431829475178293,
    -0.018140545339727032, 0.06432057441597688, -0.9977643931918877, -0.027018501228866072,
    -0.16945029716574322, 0.9832947279332288, 0.0664686001745082, 0.27350237703222247,
    0.0, 0.0, 0.0, 1.0]
Tag_1_pose:
- cols: 4
  rows: 4
  transformation_matrix:
  - [0.006938362145728849, 0.17027724958289642, 0.9853717660889307, 0.4916068232782362,
    0.9977643931918878, 0.06432057441597638, -0.018140545339726977, -7.88454129316456e-05,
    -0.06646860017450762, 0.9832947279332289, -0.1694502971657429, 0.2670146073553655,
    0.0, 0.0, 0.0, 1.0]
Tag_2_pose:
- cols: 4
  rows: 4
  transformation_matrix:
  - [-0.9853717660889306, 0.17027724958289672, 0.006938362145728724, 0.4646999046697981,
    0.018140545339727032, 0.06432057441597694, 0.9977643931918877, 0.027858540396687777,
    0.16945029716574322, 0.9832947279332288, -0.06646860017450795, 0.2698466040226245,
    0.0, 0.0, 0.0, 1.0]
