EE_pose:
- cols: 4
  rows: 4
  transformation_matrix:
  - [0.9909668158227722, 0.00457385653106364, 0.1340292870029122, 0.4857635422597264,
    -0.01672295307535488, 0.9958320054785089, 0.0896602459571159, -0.00819744999854807,
    -0.13306056056741697, -0.09109169391928269, 0.9869129599515859, 0.1438420515119173,
    0.0, 0.0, 0.0, 1.0]
Joint_1_pose:
- cols: 4
  name: waist
  rows: 4
  transformation_matrix:
  - [0.9998576409841511, 0.016872989231562063, 0.0, 0.0, -0.016872989231562063, 0.9998576409841511,
    -0.0, 0.0, -0.0, 0.0, 1.0, 0.079, 0.0, 0.0, 0.0, 1.0]
Joint_2_pose:
- cols: 4
  name: shoulder
  rows: 4
  transformation_matrix:
  - [0.9863080959467629, 0.0, 0.16491312825203183, 0.0, 0.0, 1.0, 0.0, 0.0, -0.16491312825203183,
    0.0, 0.9863080959467629, 0.04805, 0.0, 0.0, 0.0, 1.0]
Joint_3_pose:
- cols: 4
  name: elbow
  rows: 4
  transformation_matrix:
  - [0.7146586521826586, 0.0, 0.6994733810949963, 0.05955, 0.0, 1.0, 0.0, 0.0, -0.6994733810949963,
    0.0, 0.7146586521826586, 0.3, 0.0, 0.0, 0.0, 1.0]
Joint_4_pose:
- cols: 4
  name: forearm_roll
  rows: 4
  transformation_matrix:
  - [1.0, 0.0, 0.0, 0.2, 0.0, 1.0, 0.0, 0.0, 0.0, 0.0, 1.0, 0.0, 0.0, 0.0, 0.0, 1.0]
Joint_5_pose:
- cols: 4
  name: wrist_angle
  rows: 4
  transformation_matrix:
  - [0.6917592416455873, -0.0, -0.7221282099446897, 0.1, 0.0, 1.0, -0.0, 0.0, 0.7221282099446897,
    0.0, 0.6917592416455873, 0.0, 0.0, 0.0, 0.0, 1.0]
Joint_6_pose:
- cols: 4
  name: wrist_rotate
  rows: 4
  transformation_matrix:
  - [1.0, -0.0, 0.0, 0.159744, 0.0, 0.9957674144462535, 0.09190895672905472, 0.0,
    -0.0, -0.09190895672905472, 0.9957674144462535, 0.0, 0.0, 0.0, 0.0, 1.0]
Tag_0_pose:
- cols: 4
  rows: 4
  transformation_matrix:
  - [0.9909668158227722, 0.13402928700291214, -0.004573856531063736, 0.44610394038230267,
    -0.01672295307535495, 0.08966024595711568, -0.9958320054785089, -0.02269004976769018,
    -0.1330605605674169, 0.9869129599515859, 0.0910916939192825, 0.2853083853101469,
    0.0, 0.0, 0.0, 1.0]
Tag_1_pose:
- cols: 4
  rows: 4
  transformation_matrix:
  - [0.004573856531063514, 0.13402928700291217, 0.9909668158227722, 0.47348130887203327,
    0.9958320054785089, 0.08966024595711558, -0.016722953075354874, 0.004235449173396557,
    -0.09109169391928246, 0.9869129599515859, -0.1330605605674171, 0.2791441983117626,
    0.0, 0.0, 0.0, 1.0]
Tag_2_pose:
- cols: 4
  rows: 4
  transformation_matrix:
  - [-0.9909668158227724, 0.13402928700291214, 0.004573856531063736, 0.4463555024915112,
    0.01672295307535495, 0.08966024595711564, 0.9958320054785089, 0.032080710533627814,
    0.1330605605674169, 0.9869129599515859, -0.09109169391928262, 0.2802983421445863,
    0.0, 0.0, 0.0, 1.0]
