EE_pose:
- cols: 4
  rows: 4
  transformation_matrix:
  - [0.9865818459389992, 0.007258488920883137, 0.16310602564645504, 0.44538048208886727,
    -0.021190825527997195, 0.9962536898279821, 0.08384231877502443, -0.009566342750344929,
    -0.16188641134152865, -0.08617366095690868, 0.9830396177063492, 0.14388951387459226,
    0.0, 0.0, 0.0, 1.0]
Joint_1_pose:
- cols: 4
  name: waist
  rows: 4
  transformation_matrix:
  - [0.9997694053233825, 0.021474081571279224, 0.0, 0.0, -0.021474081571279224, 0.9997694053233825,
    -0.0, 0.0, -0.0, 0.0, 1.0, 0.079, 0.0, 0.0, 0.0, 1.0]
Joint_2_pose:
- cols: 4
  name: shoulder
  rows: 4
  transformation_matrix:
  - [0.9986402180439143, 0.0, 0.052131707292234764, 0.0, 0.0, 1.0, 0.0, 0.0, -0.052131707292234764,
    0.0, 0.9986402180439143, 0.04805, 0.0, 0.0, 0.0, 1.0]
Joint_3_pose:
- cols: 4
  name: elbow
  rows: 4
  transformation_matrix:
  - [0.6103827828043324, 0.0, 0.7921065953872869, 0.05955, 0.0, 1.0, 0.0, 0.0, -0.7921065953872869,
    0.0, 0.6103827828043324, 0.3, 0.0, 0.0, 0.0, 1.0]
Joint_4_pose:
- cols: 4
  name: forearm_roll
  rows: 4
  transformation_matrix:
  - [1.0, 0.0, 0.0, 0.2, 0.0, 1.0, 0.0, 0.0, 0.0, 0.0, 1.0, 0.0, 0.0, 0.0, 0.0, 1.0]
Joint_5_pose:
- cols: 4
  name: wrist_angle
  rows: 4
  transformation_matrix:
  - [0.6939714504843966, -0.0, -0.7200025179904461, 0.1, 0.0, 1.0, -0.0, 0.0, 0.7200025179904461,
    0.0, 0.6939714504843966, 0.0, 0.0, 0.0, 0.0, 1.0]
Joint_6_pose:
- cols: 4
  name: wrist_rotate
  rows: 4
  transformation_matrix:
  - [1.0, -0.0, 0.0, 0.159744, 0.0, 0.9961798284137185, 0.08732553728213875, 0.0,
    -0.0, -0.08732553728213875, 0.9961798284137185, 0.0, 0.0, 0.0, 0.0, 1.0]
Tag_0_pose:
- cols: 4
  rows: 4
  transformation_matrix:
  - [0.9865818459389992, 0.1631060256464549, -0.007258488920883113, 0.4097680724304099,
    -0.02119082552799717, 0.08384231877502463, -0.996253689827982, -0.024585711169645853,
    -0.16188641134152854, 0.9830396177063491, 0.08617366095690887, 0.28637396186124053,
    0.0, 0.0, 0.0, 1.0]
Tag_1_pose:
- cols: 4
  rows: 4
  transformation_matrix:
  - [0.007258488920883155, 0.163106025646455, 0.9865818459389992, 0.4370986816390566,
    0.9962536898279821, 0.08384231877502407, -0.02119082552799728, 0.0022285175986037284,
    -0.08617366095690832, 0.9830396177063492, -0.1618864113415287, 0.27955230987303353,
    0.0, 0.0, 0.0, 1.0]
Tag_2_pose:
- cols: 4
  rows: 4
  transformation_matrix:
  - [-0.986581845938999, 0.1631060256464549, 0.007258488920883113, 0.41016728932105834,
    0.02119082552799717, 0.08384231877502457, 0.996253689827982, 0.03020824177089316,
    0.16188641134152854, 0.9830396177063491, -0.0861736609569086, 0.28163441050861054,
    0.0, 0.0, 0.0, 1.0]
