EE_pose:
- cols: 4
  rows: 4
  transformation_matrix:
  - [0.9369137254602196, -0.10158733913959984, -0.334473741227601, 0.3493111194413854,
    0.06911090851967476, 0.9917852021593254, -0.1076373313556735, 0.02576673621550416,
    0.34266069714491243, 0.07773110898682606, 0.9362379619134447, 0.3328051035841433,
    0.0, 0.0, 0.0, 1.0]
Joint_1_pose:
- cols: 4
  name: waist
  rows: 4
  transformation_matrix:
  - [0.9972904566649832, -0.07356456378548883, 0.0, 0.0, 0.07356456378548883, 0.9972904566649832,
    0.0, 0.0, 0.0, 0.0, 1.0, 0.079, 0.0, 0.0, 0.0, 1.0]
Joint_2_pose:
- cols: 4
  name: shoulder
  rows: 4
  transformation_matrix:
  - [0.8670462510449353, -0.0, -0.4982276573504559, 0.0, 0.0, 1.0, -0.0, 0.0, 0.4982276573504559,
    0.0, 0.8670462510449353, 0.04805, 0.0, 0.0, 0.0, 1.0]
Joint_3_pose:
- cols: 4
  name: elbow
  rows: 4
  transformation_matrix:
  - [0.4902264647190524, 0.0, 0.8715950971001728, 0.05955, 0.0, 1.0, 0.0, 0.0, -0.8715950971001728,
    0.0, 0.4902264647190524, 0.3, 0.0, 0.0, 0.0, 1.0]
Joint_4_pose:
- cols: 4
  name: forearm_roll
  rows: 4
  transformation_matrix:
  - [1.0, 0.0, 0.0, 0.2, 0.0, 1.0, 0.0, 0.0, 0.0, 0.0, 1.0, 0.0, 0.0, 0.0, 0.0, 1.0]
Joint_5_pose:
- cols: 4
  name: wrist_angle
  rows: 4
  transformation_matrix:
  - [0.6320187274649043, -0.0, -0.7749531135066451, 0.1, 0.0, 1.0, -0.0, 0.0, 0.7749531135066451,
    0.0, 0.6320187274649043, 0.0, 0.0, 0.0, 0.0, 1.0]
Joint_6_pose:
- cols: 4
  name: wrist_rotate
  rows: 4
  transformation_matrix:
  - [1.0, 0.0, 0.0, 0.159744, 0.0, 0.9965711454649796, -0.08274026847079079, 0.0,
    0.0, 0.08274026847079079, 0.9965711454649796, 0.0, 0.0, 0.0, 0.0, 1.0]
Tag_0_pose:
- cols: 4
  rows: 4
  transformation_matrix:
  - [0.9369137254602196, -0.3344737412276011, 0.10158733913959983, 0.25338878001740417,
    0.06911090851967497, -0.10763733135567316, -0.9917852021593258, -0.01982343960544461,
    0.34266069714491254, 0.936237961913445, -0.07773110898682571, 0.43535306180614763,
    0.0, 0.0, 0.0, 1.0]
Tag_1_pose:
- cols: 4
  rows: 4
  transformation_matrix:
  - [-0.10158733913960005, -0.33447374122760104, 0.9369137254602196, 0.2763602556412212,
    0.9917852021593254, -0.10763733135567388, 0.06911090851967477, 0.009351203438227887,
    0.07773110898682639, 0.9362379619134447, 0.34266069714491254, 0.44691383647477045,
    0.0, 0.0, 0.0, 1.0]
Tag_2_pose:
- cols: 4
  rows: 4
  transformation_matrix:
  - [-0.9369137254602194, -0.33447374122760104, -0.10158733913959976, 0.24780147636472621,
    -0.06911090851967494, -0.10763733135567266, 0.9917852021593255, 0.03472474651331828,
    -0.34266069714491243, 0.9362379619134448, 0.07773110898682545, 0.4396282728004231,
    0.0, 0.0, 0.0, 1.0]
