EE_pose:
- cols: 4
  rows: 4
  transformation_matrix:
  - [0.974480818554813, -0.14233057959093168, -0.17357747659777484, 0.3884599172664292,
    0.127785950308102, 0.9874951022281682, -0.09232645330150539, 0.05093965806131995,
    0.18454778560740548, 0.0677895949883847, 0.9804828839091042, 0.31853832126301934,
    0.0, 0.0, 0.0, 1.0]
Joint_1_pose:
- cols: 4
  name: waist
  rows: 4
  transformation_matrix:
  - [0.9915114736794766, -0.1300192199713286, 0.0, 0.0, 0.1300192199713286, 0.9915114736794766,
    0.0, 0.0, 0.0, 0.0, 1.0, 0.079, 0.0, 0.0, 0.0, 1.0]
Joint_2_pose:
- cols: 4
  name: shoulder
  rows: 4
  transformation_matrix:
  - [0.9091679722957635, -0.0, -0.41642958366524563, 0.0, 0.0, 1.0, -0.0, 0.0, 0.41642958366524563,
    0.0, 0.9091679722957635, 0.04805, 0.0, 0.0, 0.0, 1.0]
Joint_3_pose:
- cols: 4
  name: elbow
  rows: 4
  transformation_matrix:
  - [0.5993892910538151, 0.0, 0.8004576676939293, 0.05955, 0.0, 1.0, 0.0, 0.0, -0.8004576676939293,
    0.0, 0.5993892910538151, 0.3, 0.0, 0.0, 0.0, 1.0]
Joint_4_pose:
- cols: 4
  name: forearm_roll
  rows: 4
  transformation_matrix:
  - [1.0, 0.0, 0.0, 0.2, 0.0, 1.0, 0.0, 0.0, 0.0, 0.0, 1.0, 0.0, 0.0, 0.0, 0.0, 1.0]
Joint_5_pose:
- cols: 4
  name: wrist_angle
  rows: 4
  transformation_matrix:
  - [0.7749530858802274, -0.0, -0.6320187613391811, 0.1, 0.0, 1.0, -0.0, 0.0, 0.6320187613391811,
    0.0, 0.7749530858802274, 0.0, 0.0, 0.0, 0.0, 1.0]
Joint_6_pose:
- cols: 4
  name: wrist_rotate
  rows: 4
  transformation_matrix:
  - [1.0, 0.0, 0.0, 0.159744, 0.0, 0.9976184349979963, -0.06897432966074075, 0.0,
    0.0, 0.06897432966074075, 0.9976184349979963, 0.0, 0.0, 0.0, 0.0, 1.0]
Tag_0_pose:
- cols: 4
  rows: 4
  transformation_matrix:
  - [0.974480818554813, -0.17357747659777492, 0.14233057959093165, 0.31288273987921134,
    0.127785950308102, -0.09232645330150528, -0.987495102228168, 0.004107543969360382,
    0.18454778560740553, 0.9804828839091041, -0.06778959498838458, 0.4363962289965061,
    0.0, 0.0, 0.0, 1.0]
Tag_1_pose:
- cols: 4
  rows: 4
  transformation_matrix:
  - [-0.14233057959093176, -0.17357747659777484, 0.9744808185548128, 0.3357668714507181,
    0.9874951022281679, -0.09232645330150535, 0.1277859503081022, 0.0347777729141078,
    0.06778959498838466, 0.980482883909104, 0.1845477856074056, 0.44333550696289026,
    0.0, 0.0, 0.0, 1.0]
Tag_2_pose:
- cols: 4
  rows: 4
  transformation_matrix:
  - [-0.9744808185548132, -0.17357747659777498, -0.14233057959093168, 0.30505455800171005,
    -0.12778595030810205, -0.09232645330150524, 0.9874951022281682, 0.0584197745919096,
    -0.18454778560740556, 0.9804828839091042, 0.06778959498838444, 0.44012465672086726,
    0.0, 0.0, 0.0, 1.0]
