EE_pose:
- cols: 4
  rows: 4
  transformation_matrix:
  - [0.9938260429862504, -0.10544584288575612, -0.03451044045508218, 0.43984567190119606,
    0.10096286316836209, 0.9884791568273831, -0.1127628342082283, 0.044683955206002914,
    0.04600322318205465, 0.10858236843953178, 0.9930224432110907, 0.29592362300378316,
    0.0, 0.0, 0.0, 1.0]
Joint_1_pose:
- cols: 4
  name: waist
  rows: 4
  transformation_matrix:
  - [0.9948793303923971, -0.10106986671592881, 0.0, 0.0, 0.10106986671592881, 0.9948793303923971,
    0.0, 0.0, 0.0, 0.0, 1.0, 0.079, 0.0, 0.0, 0.0, 1.0]
Joint_2_pose:
- cols: 4
  name: shoulder
  rows: 4
  transformation_matrix:
  - [0.9637760603141161, -0.0, -0.2667127772818566, 0.0, 0.0, 1.0, -0.0, 0.0, 0.2667127772818566,
    0.0, 0.9637760603141161, 0.04805, 0.0, 0.0, 0.0, 1.0]
Joint_3_pose:
- cols: 4
  name: elbow
  rows: 4
  transformation_matrix:
  - [0.7135848717544473, 0.0, 0.7005687909143463, 0.05955, 0.0, 1.0, 0.0, 0.0, -0.7005687909143463,
    0.0, 0.7135848717544473, 0.3, 0.0, 0.0, 0.0, 1.0]
Joint_4_pose:
- cols: 4
  name: forearm_roll
  rows: 4
  transformation_matrix:
  - [1.0, 0.0, 0.0, 0.2, 0.0, 1.0, 0.0, 0.0, 0.0, 0.0, 1.0, 0.0, 0.0, 0.0, 0.0, 1.0]
Joint_5_pose:
- cols: 4
  name: wrist_angle
  rows: 4
  transformation_matrix:
  - [0.8513551845551833, -0.0, -0.5245896965543736, 0.1, 0.0, 1.0, -0.0, 0.0, 0.5245896965543736,
    0.0, 0.8513551845551833, 0.0, 0.0, 0.0, 0.0, 1.0]
Joint_6_pose:
- cols: 4
  name: wrist_rotate
  rows: 4
  transformation_matrix:
  - [1.0, 0.0, 0.0, 0.159744, 0.0, 0.9940748789374803, -0.1086974473731279, 0.0, 0.0,
    0.1086974473731279, 0.9940748789374803, 0.0, 0.0, 0.0, 0.0, 1.0]
Tag_0_pose:
- cols: 4
  rows: 4
  transformation_matrix:
  - [0.9938260429862505, -0.034510440455082225, 0.10544584288575617, 0.3806303285607934,
    0.10096286316836217, -0.11276283420822814, -0.9884791568273833, -0.003340669560816266,
    0.04600322318205466, 0.9930224432110909, -0.1085823684395316, 0.42234680757267795,
    0.0, 0.0, 0.0, 1.0]
Tag_1_pose:
- cols: 4
  rows: 4
  transformation_matrix:
  - [-0.10544584288575609, -0.034510440455082, 0.9938260429862507, 0.40506078406355683,
    0.9884791568273832, -0.11276283420822808, 0.10096286316836212, 0.026618985989066722,
    0.10858236843953156, 0.9930224432110908, 0.046003223182054354, 0.42659791134227154,
    0.0, 0.0, 0.0, 1.0]
Tag_2_pose:
- cols: 4
  rows: 4
  transformation_matrix:
  - [-0.9938260429862509, -0.034510440455082225, -0.10544584288575617, 0.3748308072020768,
    -0.10096286316836217, -0.11276283420822808, 0.9884791568273833, 0.05102568406468981,
    -0.04600322318205466, 0.9930224432110909, 0.10858236843953128, 0.42831883783685226,
    0.0, 0.0, 0.0, 1.0]
