EE_pose:
- cols: 4
  rows: 4
  transformation_matrix:
  - [0.9941041827009208, -0.10769330093591582, -0.012610585635111197, 0.46057805444981537,
    0.10561533674202041, 0.9880589733848486, -0.11218228807859401, 0.04893260400991249,
    0.024541283206137316, 0.1101890105555236, 0.9936076224402622, 0.29040509987200075,
    0.0, 0.0, 0.0, 1.0]
Joint_1_pose:
- cols: 4
  name: waist
  rows: 4
  transformation_matrix:
  - [0.9944036798325989, -0.10564715583197684, 0.0, 0.0, 0.10564715583197684, 0.9944036798325989,
    0.0, 0.0, 0.0, 0.0, 1.0, 0.079, 0.0, 0.0, 0.0, 1.0]
Joint_2_pose:
- cols: 4
  name: shoulder
  rows: 4
  transformation_matrix:
  - [0.9804848598440943, -0.0, -0.1965946072925367, 0.0, 0.0, 1.0, -0.0, 0.0, 0.1965946072925367,
    0.0, 0.9804848598440943, 0.04805, 0.0, 0.0, 0.0, 1.0]
Joint_3_pose:
- cols: 4
  name: elbow
  rows: 4
  transformation_matrix:
  - [0.757208851818709, 0.0, 0.6531728367954323, 0.05955, 0.0, 1.0, 0.0, 0.0, -0.6531728367954323,
    0.0, 0.757208851818709, 0.3, 0.0, 0.0, 0.0, 1.0]
Joint_4_pose:
- cols: 4
  name: forearm_roll
  rows: 4
  transformation_matrix:
  - [1.0, 0.0, 0.0, 0.2, 0.0, 1.0, 0.0, 0.0, 0.0, 0.0, 1.0, 0.0, 0.0, 0.0, 0.0, 1.0]
Joint_5_pose:
- cols: 4
  name: wrist_angle
  rows: 4
  transformation_matrix:
  - [0.8585162054181225, -0.0, -0.5127864321864104, 0.1, 0.0, 1.0, -0.0, 0.0, 0.5127864321864104,
    0.0, 0.8585162054181225, 0.0, 0.0, 0.0, 0.0, 1.0]
Joint_6_pose:
- cols: 4
  name: wrist_rotate
  rows: 4
  transformation_matrix:
  - [1.0, 0.0, 0.0, 0.159744, 0.0, 0.9939069699715501, -0.1102222075716695, 0.0, 0.0,
    0.1102222075716695, 0.9939069699715501, 0.0, 0.0, 0.0, 0.0, 1.0]
Tag_0_pose:
- cols: 4
  rows: 4
  transformation_matrix:
  - [0.9941041827009208, -0.012610585635111173, 0.10769330093591578, 0.40432109745256267,
    0.10561533674202034, -0.11218228807859401, -0.9880589733848484, 0.0007274497491791924,
    0.024541283206137306, 0.9936076224402621, -0.1101890105555236, 0.41810420307779683,
    0.0, 0.0, 0.0, 1.0]
Tag_1_pose:
- cols: 4
  rows: 4
  transformation_matrix:
  - [-0.10769330093591556, -0.012610585635111304, 0.9941041827009207, 0.42869739670110035,
    0.9880589733848484, -0.11218228807859387, 0.10561533674202034, 0.030803493277668112,
    0.11018901055552371, 0.9936076224402621, 0.024541283206137576, 0.42180928615624247,
    0.0, 0.0, 0.0, 1.0]
Tag_2_pose:
- cols: 4
  rows: 4
  transformation_matrix:
  - [-0.9941041827009214, -0.012610585635111186, -0.10769330093591582, 0.39839796590108706,
    -0.1056153367420204, -0.11218228807859443, 0.9880589733848488, 0.055070693285345876,
    -0.024541283206137313, 0.9936076224402626, 0.11018901055552355, 0.4241645986583506,
    0.0, 0.0, 0.0, 1.0]
