EE_pose:
- cols: 4
  rows: 4
  transformation_matrix:
  - [0.9942070451540138, -0.10568658484467383, -0.019562646804416554, 0.48400762056952923,
    0.10254264176856492, 0.9872168306184589, -0.12201612992866458, 0.049920607876630226,
    0.03220804224488899, 0.1193032905141956, 0.992335309704959, 0.2982238255642626,
    0.0, 0.0, 0.0, 1.0]
Joint_1_pose:
- cols: 4
  name: waist
  rows: 4
  transformation_matrix:
  - [0.9947231210139427, -0.1025958698987497, 0.0, 0.0, 0.1025958698987497, 0.9947231210139427,
    0.0, 0.0, 0.0, 0.0, 1.0, 0.079, 0.0, 0.0, 0.0, 1.0]
Joint_2_pose:
- cols: 4
  name: shoulder
  rows: 4
  transformation_matrix:
  - [0.9911079129348065, -0.0, -0.13306053103009943, 0.0, 0.0, 1.0, -0.0, 0.0, 0.13306053103009943,
    0.0, 0.9911079129348065, 0.04805, 0.0, 0.0, 0.0, 1.0]
Joint_3_pose:
- cols: 4
  name: elbow
  rows: 4
  transformation_matrix:
  - [0.8131443955032032, 0.0, 0.5820620173673338, 0.05955, 0.0, 1.0, 0.0, 0.0, -0.5820620173673338,
    0.0, 0.8131443955032032, 0.3, 0.0, 0.0, 0.0, 1.0]
Joint_4_pose:
- cols: 4
  name: forearm_roll
  rows: 4
  transformation_matrix:
  - [1.0, 0.0, 0.0, 0.2, 0.0, 1.0, 0.0, 0.0, 0.0, 0.0, 1.0, 0.0, 0.0, 0.0, 0.0, 1.0]
Joint_5_pose:
- cols: 4
  name: wrist_angle
  rows: 4
  transformation_matrix:
  - [0.8678094748219349, -0.0, -0.49689708734231636, 0.1, 0.0, 1.0, -0.0, 0.0, 0.49689708734231636,
    0.0, 0.8678094748219349, 0.0, 0.0, 0.0, 0.0, 1.0]
Joint_6_pose:
- cols: 4
  name: wrist_rotate
  rows: 4
  transformation_matrix:
  - [1.0, 0.0, 0.0, 0.159744, 0.0, 0.9928504139790536, -0.11936521881026282, 0.0,
    0.0, 0.11936521881026282, 0.9928504139790536, 0.0, 0.0, 0.0, 0.0, 1.0]
Tag_0_pose:
- cols: 4
  rows: 4
  transformation_matrix:
  - [0.9942070451540138, -0.019562646804416564, 0.10568658484467376, 0.4267649008000796,
    0.10254264176856487, -0.12201612992866397, -0.9872168306184588, 0.0006085670885299238,
    0.03220804224488895, 0.9923353097049588, -0.11930329051419498, 0.42505929668399844,
    0.0, 0.0, 0.0, 1.0]
Tag_1_pose:
- cols: 4
  rows: 4
  transformation_matrix:
  - [-0.10568658484467397, -0.01956264680441666, 0.9942070451540139, 0.4511992134585864,
    0.9872168306184591, -0.12201612992866473, 0.10254264176856487, 0.030576952579173075,
    0.11930329051419547, 0.9923353097049592, 0.032208042244888824, 0.42922585833487326,
    0.0, 0.0, 0.0, 1.0]
Tag_2_pose:
- cols: 4
  rows: 4
  transformation_matrix:
  - [-0.9942070451540134, -0.019562646804416564, -0.10568658484467376, 0.42095213863362246,
    -0.10254264176856487, -0.12201612992866395, 0.9872168306184588, 0.05490549277254516,
    -0.03220804224488895, 0.9923353097049588, 0.11930329051419541, 0.4316209776622792,
    0.0, 0.0, 0.0, 1.0]
