EE_pose:
- cols: 4
  rows: 4
  transformation_matrix:
  - [0.9955686172364501, -0.09292510519641378, -0.01442404929755238, 0.5061462016630445,
    0.09035063422329312, 0.9877432221826692, -0.12727957388224953, 0.045934182273551685,
    0.026074724722448817, 0.12541232737029384, 0.9917619960828378, 0.2970347395179239,
    0.0, 0.0, 0.0, 1.0]
Joint_1_pose:
- cols: 4
  name: waist
  rows: 4
  transformation_matrix:
  - [0.9959072291161314, -0.0903813641976566, 0.0, 0.0, 0.0903813641976566, 0.9959072291161314,
    0.0, 0.0, 0.0, 0.0, 1.0, 0.079, 0.0, 0.0, 0.0, 1.0]
Joint_2_pose:
- cols: 4
  name: shoulder
  rows: 4
  transformation_matrix:
  - [0.9978253503591852, -0.0, -0.06591335358308958, 0.0, 0.0, 1.0, -0.0, 0.0, 0.06591335358308958,
    0.0, 0.9978253503591852, 0.04805, 0.0, 0.0, 0.0, 1.0]
Joint_3_pose:
- cols: 4
  name: elbow
  rows: 4
  transformation_matrix:
  - [0.8545579889375268, 0.0, 0.5193559892242026, 0.05955, 0.0, 1.0, 0.0, 0.0, -0.5193559892242026,
    0.0, 0.8545579889375268, 0.3, 0.0, 0.0, 0.0, 1.0]
Joint_4_pose:
- cols: 4
  name: forearm_roll
  rows: 4
  transformation_matrix:
  - [1.0, 0.0, 0.0, 0.2, 0.0, 1.0, 0.0, 0.0, 0.0, 0.0, 1.0, 0.0, 0.0, 0.0, 0.0, 1.0]
Joint_5_pose:
- cols: 4
  name: wrist_angle
  rows: 4
  transformation_matrix:
  - [0.8745866498507833, -0.0, -0.4848692523792198, 0.1, 0.0, 1.0, -0.0, 0.0, 0.4848692523792198,
    0.0, 0.8745866498507833, 0.0, 0.0, 0.0, 0.0, 1.0]
Joint_6_pose:
- cols: 4
  name: wrist_rotate
  rows: 4
  transformation_matrix:
  - [1.0, 0.0, 0.0, 0.159744, 0.0, 0.9920993132580439, -0.12545498249538603, 0.0,
    0.0, 0.12545498249538603, 0.9920993132580439, 0.0, 0.0, 0.0, 0.0, 1.0]
Tag_0_pose:
- cols: 4
  rows: 4
  transformation_matrix:
  - [0.9955686172364501, -0.014424049297552338, 0.09292510519641384, 0.4491571633666933,
    0.09035063422329317, -0.12727957388224942, -0.9877432221826689, -0.0033866674762914398,
    0.02607472472244879, 0.9917619960828375, -0.12541232737029373, 0.42398097365453313,
    0.0, 0.0, 0.0, 1.0]
Tag_1_pose:
- cols: 4
  rows: 4
  transformation_matrix:
  - [-0.0929251051964134, -0.014424049297552421, 0.99556861723645, 0.47397985994779435,
    0.987743222182669, -0.12727957388224942, 0.09035063422329292, 0.026260913574872556,
    0.12541232737029384, 0.9917619960828377, 0.026074724722448928, 0.42814686758708353,
    0.0, 0.0, 0.0, 1.0]
Tag_2_pose:
- cols: 4
  rows: 4
  transformation_matrix:
  - [-0.9955686172364495, -0.014424049297552338, -0.09292510519641384, 0.44404628258089046,
    -0.09035063422329317, -0.12727957388224942, 0.9877432221826689, 0.05093920974375539,
    -0.02607472472244879, 0.9917619960828375, 0.12541232737029429, 0.4308786516598993,
    0.0, 0.0, 0.0, 1.0]
