EE_pose:
- cols: 4
  rows: 4
  transformation_matrix:
  - [0.9973570720008179, -0.06817556802703315, -0.025118973986743634, 0.5379348956684378,
    0.06434597564175246, 0.9893730962357362, -0.13038585760589141, 0.034705670281246645,
    0.03374116697250297, 0.12842495228383063, 0.9911450778176873, 0.2988898514296656,
    0.0, 0.0, 0.0, 1.0]
Joint_1_pose:
- cols: 4
  name: waist
  rows: 4
  transformation_matrix:
  - [0.9979252859482554, -0.06438263481011608, 0.0, 0.0, 0.06438263481011608, 0.9979252859482554,
    0.0, 0.0, 0.0, 0.0, 1.0, 0.079, 0.0, 0.0, 0.0, 1.0]
Joint_2_pose:
- cols: 4
  name: shoulder
  rows: 4
  transformation_matrix:
  - [0.9996188224932495, 0.0, 0.027608145848811456, 0.0, 0.0, 1.0, 0.0, 0.0, -0.027608145848811456,
    0.0, 0.9996188224932495, 0.04805, 0.0, 0.0, 0.0, 1.0]
Joint_3_pose:
- cols: 4
  name: elbow
  rows: 4
  transformation_matrix:
  - [0.9078861144670588, 0.0, 0.4192168927391961, 0.05955, 0.0, 1.0, 0.0, 0.0, -0.4192168927391961,
    0.0, 0.9078861144670588, 0.3, 0.0, 0.0, 0.0, 1.0]
Joint_4_pose:
- cols: 4
  name: forearm_roll
  rows: 4
  transformation_matrix:
  - [1.0, 0.0, 0.0, 0.2, 0.0, 1.0, 0.0, 0.0, 0.0, 0.0, 1.0, 0.0, 0.0, 0.0, 0.0, 1.0]
Joint_5_pose:
- cols: 4
  name: wrist_angle
  rows: 4
  transformation_matrix:
  - [0.880470889048285, -0.0, -0.474100214657748, 0.1, 0.0, 1.0, -0.0, 0.0, 0.474100214657748,
    0.0, 0.880470889048285, 0.0, 0.0, 0.0, 0.0, 1.0]
Joint_6_pose:
- cols: 4
  name: wrist_rotate
  rows: 4
  transformation_matrix:
  - [1.0, 0.0, 0.0, 0.159744, 0.0, 0.9917097526698144, -0.1284981185059744, 0.0, 0.0,
    0.1284981185059744, 0.9917097526698144, 0.0, 0.0, 0.0, 0.0, 1.0]
Tag_0_pose:
- cols: 4
  rows: 4
  transformation_matrix:
  - [0.9973570720008179, -0.025118973986743655, 0.06817556802703313, 0.4787392997402912,
    0.06434597564175246, -0.1303858576058913, -0.9893730962357362, -0.013567920009581446,
    0.033741166972502984, 0.9911450778176875, -0.12842495228383052, 0.42522743479503344,
    0.0, 0.0, 0.0, 1.0]
Tag_1_pose:
- cols: 4
  rows: 4
  transformation_matrix:
  - [-0.06817556802703328, -0.025118973986743454, 0.997357072000818, 0.5042917910995703,
    0.9893730962357363, -0.13038585760589172, 0.06434597564175243, 0.015409354467049495,
    0.12842495228383072, 0.9911450778176876, 0.03374116697250257, 0.4296870030745827,
    0.0, 0.0, 0.0, 1.0]
Tag_2_pose:
- cols: 4
  rows: 4
  transformation_matrix:
  - [-0.9973570720008179, -0.025118973986743655, -0.06817556802703313, 0.4749896434988044,
    -0.06434597564175246, -0.13038585760589128, 0.9893730962357362, 0.04084760028338404,
    -0.033741166972502984, 0.9911450778176875, 0.12842495228383055, 0.43229080717064416,
    0.0, 0.0, 0.0, 1.0]
