EE_pose:
- cols: 4
  rows: 4
  transformation_matrix:
  - [0.9983899003807574, 0.05104803470500286, -0.024732670103696706, 0.5947912277995318,
    -0.05365444932963832, 0.9913551934572538, -0.11973337242583693, -0.0319646620839339,
    0.01840670760442353, 0.12086760756334891, 0.9924979670291912, 0.28251395687966024,
    0.0, 0.0, 0.0, 1.0]
Joint_1_pose:
- cols: 4
  name: waist
  rows: 4
  transformation_matrix:
  - [0.9985590740558749, 0.05366354088833302, 0.0, 0.0, -0.05366354088833302, 0.9985590740558749,
    -0.0, 0.0, -0.0, 0.0, 1.0, 0.079, 0.0, 0.0, 0.0, 1.0]
Joint_2_pose:
- cols: 4
  name: shoulder
  rows: 4
  transformation_matrix:
  - [0.9770281398956131, 0.0, 0.2131103325794371, 0.0, 0.0, 1.0, 0.0, 0.0, -0.2131103325794371,
    0.0, 0.9770281398956131, 0.04805, 0.0, 0.0, 0.0, 1.0]
Joint_3_pose:
- cols: 4
  name: elbow
  rows: 4
  transformation_matrix:
  - [0.9739929604894444, 0.0, 0.22657827106103426, 0.05955, 0.0, 1.0, 0.0, 0.0, -0.22657827106103426,
    0.0, 0.9739929604894444, 0.3, 0.0, 0.0, 0.0, 1.0]
Joint_4_pose:
- cols: 4
  name: forearm_roll
  rows: 4
  transformation_matrix:
  - [1.0, 0.0, 0.0, 0.2, 0.0, 1.0, 0.0, 0.0, 0.0, 0.0, 1.0, 0.0, 0.0, 0.0, 0.0, 1.0]
Joint_5_pose:
- cols: 4
  name: wrist_angle
  rows: 4
  transformation_matrix:
  - [0.8952839219010323, -0.0, -0.44549601478072315, 0.1, 0.0, 1.0, -0.0, 0.0, 0.44549601478072315,
    0.0, 0.8952839219010323, 0.0, 0.0, 0.0, 0.0, 1.0]
Joint_6_pose:
- cols: 4
  name: wrist_rotate
  rows: 4
  transformation_matrix:
  - [1.0, 0.0, 0.0, 0.159744, 0.0, 0.992666142336819, -0.12088808815651832, 0.0, 0.0,
    0.12088808815651832, 0.992666142336819, 0.0, 0.0, 0.0, 0.0, 1.0]
Tag_0_pose:
- cols: 4
  rows: 4
  transformation_matrix:
  - [0.9983899003807574, -0.02473267010369666, -0.051048034705002895, 0.5323085784413716,
    -0.05365444932963835, -0.11973337242583684, -0.9913551934572538, -0.07204581048096596,
    0.01840670760442348, 0.9924979670291911, -0.12086760756334881, 0.410126899561101,
    0.0, 0.0, 0.0, 1.0]
Tag_1_pose:
- cols: 4
  rows: 4
  transformation_matrix:
  - [0.051048034705003076, -0.024732670103696786, 0.9983899003807574, 0.5611681216562299,
    0.991355193457254, -0.11973337242583659, -0.05365444932963864, -0.04625904001745654,
    0.12086760756334847, 0.9924979670291914, 0.018406707604423533, 0.41395694322821464,
    0.0, 0.0, 0.0, 1.0]
Tag_2_pose:
- cols: 4
  rows: 4
  transformation_matrix:
  - [-0.9983899003807573, -0.02473267010369666, 0.051048034705002895, 0.5351162203501466,
    0.05365444932963835, -0.11973337242583681, 0.9913551934572538, -0.017521274840817003,
    -0.01840670760442348, 0.9924979670291911, 0.12086760756334891, 0.41677461797708515,
    0.0, 0.0, 0.0, 1.0]
