EE_pose:
- cols: 4
  rows: 4
  transformation_matrix:
  - [0.9971722990866455, 0.07280102928548245, 0.018639100547720222, 0.6011244312426204,
    -0.07048060054592138, 0.9920590980816765, -0.1041692414297858, -0.04248775357639968,
    -0.026074717274401332, 0.1025609869704122, 0.9943849119283312, 0.26015900622664956,
    0.0, 0.0, 0.0, 1.0]
Joint_1_pose:
- cols: 4
  name: waist
  rows: 4
  transformation_matrix:
  - [0.9975114562152639, 0.07050457232905892, 0.0, 0.0, -0.07050457232905892, 0.9975114562152639,
    -0.0, 0.0, -0.0, 0.0, 1.0, 0.079, 0.0, 0.0, 0.0, 1.0]
Joint_2_pose:
- cols: 4
  name: shoulder
  rows: 4
  transformation_matrix:
  - [0.9677538353671704, 0.0, 0.2518978247864232, 0.0, 0.0, 1.0, 0.0, 0.0, -0.2518978247864232,
    0.0, 0.9677538353671704, 0.04805, 0.0, 0.0, 0.0, 1.0]
Joint_3_pose:
- cols: 4
  name: elbow
  rows: 4
  transformation_matrix:
  - [0.9760370766214368, 0.0, 0.21760428548233968, 0.05955, 0.0, 1.0, 0.0, 0.0, -0.21760428548233968,
    0.0, 0.9760370766214368, 0.3, 0.0, 0.0, 0.0, 1.0]
Joint_4_pose:
- cols: 4
  name: forearm_roll
  rows: 4
  transformation_matrix:
  - [1.0, 0.0, 0.0, 0.2, 0.0, 1.0, 0.0, 0.0, 0.0, 0.0, 1.0, 0.0, 0.0, 0.0, 0.0, 1.0]
Joint_5_pose:
- cols: 4
  name: wrist_angle
  rows: 4
  transformation_matrix:
  - [0.9013488390259157, -0.0, -0.43309383554448566, 0.1, 0.0, 1.0, -0.0, 0.0, 0.43309383554448566,
    0.0, 0.9013488390259157, 0.0, 0.0, 0.0, 0.0, 1.0]
Joint_6_pose:
- cols: 4
  name: wrist_rotate
  rows: 4
  transformation_matrix:
  - [1.0, 0.0, 0.0, 0.159744, 0.0, 0.9947231210139427, -0.1025958698987497, 0.0, 0.0,
    0.1025958698987497, 0.9947231210139427, 0.0, 0.0, 0.0, 0.0, 1.0]
Tag_0_pose:
- cols: 4
  rows: 4
  transformation_matrix:
  - [0.9971722990866454, 0.018639100547720236, -0.07280102928548242, 0.5438824979344496,
    -0.07048060054592137, -0.10416924142978573, -0.9920590980816766, -0.07954428888425993,
    -0.02607471727440133, 0.9943849119283314, -0.10256098697041215, 0.39110104428004405,
    0.0, 0.0, 0.0, 1.0]
Tag_1_pose:
- cols: 4
  rows: 4
  transformation_matrix:
  - [0.07280102928548249, 0.01863910054772039, 0.9971722990866456, 0.5733067644646832,
    0.9920590980816766, -0.10416924142978579, -0.07048060054592153, -0.05420088020202668,
    0.102560986970412, 0.9943849119283314, -0.026074717274401638, 0.3932044166966844,
    0.0, 0.0, 0.0, 1.0]
Tag_2_pose:
- cols: 4
  rows: 4
  transformation_matrix:
  - [-0.9971722990866457, 0.018639100547720236, 0.07280102928548242, 0.5478865545451511,
    0.07048060054592137, -0.10416924142978579, 0.9920590980816766, -0.02498103848976775,
    0.02607471727440133, 0.9943849119283314, 0.10256098697041183, 0.39674189856341674,
    0.0, 0.0, 0.0, 1.0]
