EE_pose:
- cols: 4
  rows: 4
  transformation_matrix:
  - [0.9955678557389417, 0.0022492939623352526, 0.0940190687894574, 0.6001893507714721,
    -0.010690685279498211, 0.995940493261767, 0.08937697203286152, -0.0064450006297578615,
    -0.0934363626626189, -0.08998596867389488, 0.9915503878140538, 0.22259737649992262,
    0.0, 0.0, 0.0, 1.0]
Joint_1_pose:
- cols: 4
  name: waist
  rows: 4
  transformation_matrix:
  - [0.9999423496690654, 0.010737659815281426, 0.0, 0.0, -0.010737659815281426, 0.9999423496690654,
    -0.0, 0.0, -0.0, 0.0, 1.0, 0.079, 0.0, 0.0, 0.0, 1.0]
Joint_2_pose:
- cols: 4
  name: shoulder
  rows: 4
  transformation_matrix:
  - [0.9587034711566483, 0.0, 0.2844075498157416, 0.0, 0.0, 1.0, 0.0, 0.0, -0.2844075498157416,
    0.0, 0.9587034711566483, 0.04805, 0.0, 0.0, 0.0, 1.0]
Joint_3_pose:
- cols: 4
  name: elbow
  rows: 4
  transformation_matrix:
  - [0.9665843693761336, 0.0, 0.2563487017282166, 0.05955, 0.0, 1.0, 0.0, 0.0, -0.2563487017282166,
    0.0, 0.9665843693761336, 0.3, 0.0, 0.0, 0.0, 1.0]
Joint_4_pose:
- cols: 4
  name: forearm_roll
  rows: 4
  transformation_matrix:
  - [1.0, 0.0, 0.0, 0.2, 0.0, 1.0, 0.0, 0.0, 0.0, 0.0, 1.0, 0.0, 0.0, 0.0, 0.0, 1.0]
Joint_5_pose:
- cols: 4
  name: wrist_angle
  rows: 4
  transformation_matrix:
  - [0.8986744630113481, -0.0, -0.4386162440348797, 0.1, 0.0, 1.0, -0.0, 0.0, 0.4386162440348797,
    0.0, 0.8986744630113481, 0.0, 0.0, 0.0, 0.0, 1.0]
Joint_6_pose:
- cols: 4
  name: wrist_rotate
  rows: 4
  transformation_matrix:
  - [1.0, -0.0, 0.0, 0.159744, 0.0, 0.9959072291161314, 0.0903813641976566, 0.0, -0.0,
    -0.0903813641976566, 0.9959072291161314, 0.0, 0.0, 0.0, 0.0, 1.0]
Tag_0_pose:
- cols: 4
  rows: 4
  transformation_matrix:
  - [0.9955678557389417, 0.09401906878945737, -0.002249293962335197, 0.555005995281268,
    -0.010690685279498152, 0.08937697203286121, -0.9959404932617675, -0.02132742246814049,
    -0.09343636266261887, 0.9915503878140541, 0.08998596867389456, 0.362356529954452,
    0.0, 0.0, 0.0, 1.0]
Tag_1_pose:
- cols: 4
  rows: 4
  transformation_matrix:
  - [0.002249293962335197, 0.0940190687894571, 0.9955678557389418, 0.5824459668980528,
    0.995940493261767, 0.08937697203286143, -0.010690685279498069, 0.005766947251371895,
    -0.08998596867389469, 0.9915503878140537, -0.09343636266261857, 0.35731241584269774,
    0.0, 0.0, 0.0, 1.0]
Tag_2_pose:
- cols: 4
  rows: 4
  transformation_matrix:
  - [-0.9955678557389425, 0.09401906878945737, 0.002249293962335197, 0.5551297064491965,
    0.010690685279498152, 0.08937697203286121, 0.9959404932617675, 0.03344930466125668,
    0.09343636266261887, 0.9915503878140541, -0.0899859686738953, 0.3574073016773876,
    0.0, 0.0, 0.0, 1.0]
