EE_pose:
- cols: 4
  rows: 4
  transformation_matrix:
  - [0.9937074904121183, -0.021796560894140782, 0.10986506920781487, 0.5986350555126476,
    0.007621790780503309, 0.9917676955292323, 0.12782310593133908, 0.0045915636050002165,
    -0.11174673061950481, -0.1261814092401258, 0.9856931166230328, 0.20911322657062165,
    0.0, 0.0, 0.0, 1.0]
Joint_1_pose:
- cols: 4
  name: waist
  rows: 4
  transformation_matrix:
  - [0.9999705864284442, -0.0076698290693712375, 0.0, 0.0, 0.0076698290693712375,
    0.9999705864284442, 0.0, 0.0, 0.0, 0.0, 1.0, 0.079, 0.0, 0.0, 0.0, 1.0]
Joint_2_pose:
- cols: 4
  name: shoulder
  rows: 4
  transformation_matrix:
  - [0.9546857482463019, 0.0, 0.2976157289112904, 0.0, 0.0, 1.0, 0.0, 0.0, -0.2976157289112904,
    0.0, 0.9546857482463019, 0.04805, 0.0, 0.0, 0.0, 1.0]
Joint_3_pose:
- cols: 4
  name: elbow
  rows: 4
  transformation_matrix:
  - [0.9621214020473672, 0.0, 0.2726213632905689, 0.05955, 0.0, 1.0, 0.0, 0.0, -0.2726213632905689,
    0.0, 0.9621214020473672, 0.3, 0.0, 0.0, 0.0, 1.0]
Joint_4_pose:
- cols: 4
  name: forearm_roll
  rows: 4
  transformation_matrix:
  - [1.0, 0.0, 0.0, 0.2, 0.0, 1.0, 0.0, 0.0, 0.0, 0.0, 1.0, 0.0, 0.0, 0.0, 0.0, 1.0]
Joint_5_pose:
- cols: 4
  name: wrist_angle
  rows: 4
  transformation_matrix:
  - [0.8932242961984568, -0.0, -0.4496113395820568, 0.1, 0.0, 1.0, -0.0, 0.0, 0.4496113395820568,
    0.0, 0.8932242961984568, 0.0, 0.0, 0.0, 0.0, 1.0]
Joint_6_pose:
- cols: 4
  name: wrist_rotate
  rows: 4
  transformation_matrix:
  - [1.0, -0.0, 0.0, 0.159744, 0.0, 0.9919056999955113, 0.12697669989574775, 0.0,
    -0.0, -0.12697669989574775, 0.9919056999955113, 0.0, 0.0, 0.0, 0.0, 1.0]
Tag_0_pose:
- cols: 4
  rows: 4
  transformation_matrix:
  - [0.9937074904121183, 0.10986506920781487, 0.0217965608941407, 0.556328161831497,
    0.007621790780503249, 0.12782310593133903, -0.9917676955292322, -0.006122743847781314,
    -0.1117467306195048, 0.9856931166230326, 0.12618140924012577, 0.35014858891041045,
    0.0, 0.0, 0.0, 1.0]
Tag_1_pose:
- cols: 4
  rows: 4
  transformation_matrix:
  - [-0.021796560894140837, 0.10986506920781491, 0.9937074904121185, 0.5830557123932415,
    0.9917676955292325, 0.12782310593133883, 0.007621790780503179, 0.021360467025736414,
    -0.12618140924012577, 0.985693116623033, -0.11174673061950502, 0.34360556506427065,
    0.0, 0.0, 0.0, 1.0]
Tag_2_pose:
- cols: 4
  rows: 4
  transformation_matrix:
  - [-0.9937074904121179, 0.10986506920781487, -0.0217965608941407, 0.5551293509823195,
    -0.007621790780503249, 0.12782310593133905, 0.9917676955292322, 0.04842447940632646,
    0.1117467306195048, 0.9856931166230326, -0.12618140924012544, 0.34320861140220355,
    0.0, 0.0, 0.0, 1.0]
