EE_pose:
- cols: 4
  rows: 4
  transformation_matrix:
  - [0.9910974161915276, -0.010295818562920386, -0.13274000052206314, 0.2599057888127659,
    -0.0045610053951351745, 0.9937946252298042, -0.11113703295543971, -0.0011960799066121324,
    0.13306054579875826, 0.11075305406386034, 0.9849003260062736, 0.28088389875910347,
    0.0, 0.0, 0.0, 1.0]
Joint_1_pose:
- cols: 4
  name: waist
  rows: 4
  transformation_matrix:
  - [0.9999894110818748, 0.004601926132093839, 0.0, 0.0, -0.004601926132093839, 0.9999894110818748,
    -0.0, 0.0, -0.0, 0.0, 1.0, 0.079, 0.0, 0.0, 0.0, 1.0]
Joint_2_pose:
- cols: 4
  name: shoulder
  rows: 4
  transformation_matrix:
  - [0.491562901341564, -0.0, -0.8708420718044483, 0.0, 0.0, 1.0, -0.0, 0.0, 0.8708420718044483,
    0.0, 0.491562901341564, 0.04805, 0.0, 0.0, 0.0, 1.0]
Joint_3_pose:
- cols: 4
  name: elbow
  rows: 4
  transformation_matrix:
  - [0.26671276387663023, 0.0, 0.9637760640238421, 0.05955, 0.0, 1.0, 0.0, 0.0, -0.9637760640238421,
    0.0, 0.26671276387663023, 0.3, 0.0, 0.0, 0.0, 1.0]
Joint_4_pose:
- cols: 4
  name: forearm_roll
  rows: 4
  transformation_matrix:
  - [1.0, 0.0, 0.0, 0.2, 0.0, 1.0, 0.0, 0.0, 0.0, 0.0, 1.0, 0.0, 0.0, 0.0, 0.0, 1.0]
Joint_5_pose:
- cols: 4
  name: wrist_angle
  rows: 4
  transformation_matrix:
  - [0.92964089686397, -0.0, -0.3684668273779248, 0.1, 0.0, 1.0, -0.0, 0.0, 0.3684668273779248,
    0.0, 0.92964089686397, 0.0, 0.0, 0.0, 0.0, 1.0]
Joint_6_pose:
- cols: 4
  name: wrist_rotate
  rows: 4
  transformation_matrix:
  - [1.0, 0.0, 0.0, 0.159744, 0.0, 0.9937367214233884, -0.11174671581167366, 0.0,
    0.0, 0.11174671581167366, 0.9937367214233884, 0.0, 0.0, 0.0, 0.0, 1.0]
Tag_0_pose:
- cols: 4
  rows: 4
  transformation_matrix:
  - [0.9910974161915276, -0.13274000052206314, 0.010295818562920445, 0.1851672282733125,
    -0.004561005395135098, -0.11113703295543996, -0.9937946252298044, -0.043042654723840876,
    0.13306054579875828, 0.9849003260062739, -0.11075305406386057, 0.4011280454441413,
    0.0, 0.0, 0.0, 1.0]
Tag_1_pose:
- cols: 4
  rows: 4
  transformation_matrix:
  - [-0.010295818562920389, -0.13274000052206325, 0.9910974161915276, 0.21213927220809922,
    0.9937946252298041, -0.11113703295543986, -0.004561005395135209, -0.015838730178387484,
    0.11075305406386043, 0.9849003260062736, 0.13306054579875842, 0.4078329194403634,
    0.0, 0.0, 0.0, 1.0]
Tag_2_pose:
- cols: 4
  rows: 4
  transformation_matrix:
  - [-0.9910974161915281, -0.13274000052206314, -0.010295818562920445, 0.1846009582523519,
    0.004561005395135098, -0.11113703295543997, 0.9937946252298044, 0.011616049663798346,
    -0.13306054579875828, 0.9849003260062739, 0.11075305406386005, 0.40721946341765375,
    0.0, 0.0, 0.0, 1.0]
