EE_pose:
- cols: 4
  rows: 4
  transformation_matrix:
  - [0.9412750094833867, -0.028243923269275772, 0.33645748218818, 0.5958215760546632,
    -0.022502447047764183, 0.9890319939833238, 0.14597724053506841, -0.014504134391549524,
    -0.3368901844799174, -0.14497584514576875, 0.9303155421282379, 0.09782470449788591,
    0.0, 0.0, 0.0, 1.0]
Joint_1_pose:
- cols: 4
  name: waist
  rows: 4
  transformation_matrix:
  - [0.9996988186794428, 0.024541229205697058, 0.0, 0.0, -0.024541229205697058, 0.9996988186794428,
    -0.0, 0.0, -0.0, 0.0, 1.0, 0.079, 0.0, 0.0, 0.0, 1.0]
Joint_2_pose:
- cols: 4
  name: shoulder
  rows: 4
  transformation_matrix:
  - [0.8980005751357072, 0.0, 0.43999428070821456, 0.0, 0.0, 1.0, 0.0, 0.0, -0.43999428070821456,
    0.0, 0.8980005751357072, 0.04805, 0.0, 0.0, 0.0, 1.0]
Joint_3_pose:
- cols: 4
  name: elbow
  rows: 4
  transformation_matrix:
  - [0.9573845018300865, 0.0, 0.28881640475491893, 0.05955, 0.0, 1.0, 0.0, 0.0, -0.28881640475491893,
    0.0, 0.9573845018300865, 0.3, 0.0, 0.0, 0.0, 1.0]
Joint_4_pose:
- cols: 4
  name: forearm_roll
  rows: 4
  transformation_matrix:
  - [1.0, -0.0, 0.0, 0.2, 0.0, 0.9999988234516364, 0.0015339802289716206, 0.0, -0.0,
    -0.0015339802289716206, 0.9999988234516364, 0.0, 0.0, 0.0, 0.0, 1.0]
Joint_5_pose:
- cols: 4
  name: wrist_angle
  rows: 4
  transformation_matrix:
  - [0.9191138454153579, -0.0, -0.3939920546988144, 0.1, 0.0, 1.0, -0.0, 0.0, 0.3939920546988144,
    0.0, 0.9191138454153579, 0.0, 0.0, 0.0, 0.0, 1.0]
Joint_6_pose:
- cols: 4
  name: wrist_rotate
  rows: 4
  transformation_matrix:
  - [1.0, -0.0, 0.0, 0.159744, 0.0, 0.9882575672919608, 0.15279718809642912, 0.0,
    -0.0, -0.15279718809642912, 0.9882575672919608, 0.0, 0.0, 0.0, 0.0, 1.0]
Tag_0_pose:
- cols: 4
  rows: 4
  transformation_matrix:
  - [0.9412750094833867, 0.33645748218818006, 0.028243923269275883, 0.5868637030371731,
    -0.022502447047764135, 0.14597724053506858, -0.9890319939833236, -0.020985041543488844,
    -0.3368901844799175, 0.9303155421282379, 0.14497584514576886, 0.2450435803968239,
    0.0, 0.0, 0.0, 1.0]
Tag_1_pose:
- cols: 4
  rows: 4
  transformation_matrix:
  - [-0.028243923269275772, 0.33645748218818006, 0.9412750094833868, 0.6119720579080614,
    0.9890319939833239, 0.14597724053506794, -0.022502447047764162, 0.005594520997239037,
    -0.14497584514576833, 0.9303155421282381, -0.3368901844799176, 0.2317922645821175,
    0.0, 0.0, 0.0, 1.0]
Tag_2_pose:
- cols: 4
  rows: 4
  transformation_matrix:
  - [-0.9412750094833867, 0.33645748218818006, -0.028243923269275883, 0.5853102872573631,
    0.022502447047764135, 0.14597724053506855, 0.9890319939833236, 0.033411718125593966,
    0.3368901844799175, 0.9303155421282379, -0.1449758451457689, 0.23706990891380653,
    0.0, 0.0, 0.0, 1.0]
