EE_pose:
- cols: 4
  rows: 4
  transformation_matrix:
  - [0.9360557445912168, 0.013001210725389636, 0.35161144966775004, 0.5948489496631035,
    -0.0583437251795878, 0.9912180874823554, 0.11867060621733702, -0.03733869716737338,
    -0.34698076711822434, -0.13159662445327217, 0.9285939239961422, 0.09113796484073594,
    0.0, 0.0, 0.0, 1.0]
Joint_1_pose:
- cols: 4
  name: waist
  rows: 4
  transformation_matrix:
  - [0.9980228738005066, 0.06285175710334626, 0.0, 0.0, -0.06285175710334626, 0.9980228738005066,
    -0.0, 0.0, -0.0, 0.0, 1.0, 0.079, 0.0, 0.0, 0.0, 1.0]
Joint_2_pose:
- cols: 4
  name: shoulder
  rows: 4
  transformation_matrix:
  - [0.8925335484286918, 0.0, 0.4509810028474459, 0.0, 0.0, 1.0, 0.0, 0.0, -0.4509810028474459,
    0.0, 0.8925335484286918, 0.04805, 0.0, 0.0, 0.0, 1.0]
Joint_3_pose:
- cols: 4
  name: elbow
  rows: 4
  transformation_matrix:
  - [0.9578264067497033, 0.0, 0.2873474804708609, 0.05955, 0.0, 1.0, 0.0, 0.0, -0.2873474804708609,
    0.0, 0.9578264067497033, 0.3, 0.0, 0.0, 0.0, 1.0]
Joint_4_pose:
- cols: 4
  name: forearm_roll
  rows: 4
  transformation_matrix:
  - [1.0, -0.0, 0.0, 0.2, 0.0, 0.9999988234516364, 0.0015339802289716206, 0.0, -0.0,
    -0.0015339802289716206, 0.9999988234516364, 0.0, 0.0, 0.0, 0.0, 1.0]
Joint_5_pose:
- cols: 4
  name: wrist_angle
  rows: 4
  transformation_matrix:
  - [0.9191138454153579, -0.0, -0.3939920546988144, 0.1, 0.0, 1.0, -0.0, 0.0, 0.3939920546988144,
    0.0, 0.9191138454153579, 0.0, 0.0, 0.0, 0.0, 1.0]
Joint_6_pose:
- cols: 4
  name: wrist_rotate
  rows: 4
  transformation_matrix:
  - [1.0, -0.0, 0.0, 0.159744, 0.0, 0.990272811190961, 0.13913935250658335, 0.0, -0.0,
    -0.13913935250658335, 0.990272811190961, 0.0, 0.0, 0.0, 0.0, 1.0]
Tag_0_pose:
- cols: 4
  rows: 4
  transformation_matrix:
  - [0.9360557445912168, 0.35161144966775004, -0.013001210725389623, 0.5870744176532054,
    -0.058343725179587774, 0.1186706062173371, -0.9912180874823554, -0.04543691860602683,
    -0.34698076711822434, 0.9285939239961422, 0.13159662445327225, 0.23834400591586985,
    0.0, 0.0, 0.0, 1.0]
Tag_1_pose:
- cols: 4
  rows: 4
  transformation_matrix:
  - [0.013001210725389734, 0.3516114496677498, 0.9360557445912168, 0.6131734839244122,
    0.9912180874823553, 0.1186706062173375, -0.05834372517958797, -0.019782873642700722,
    -0.13159662445327264, 0.928593923996142, -0.346980767118224, 0.2251831276476537,
    0.0, 0.0, 0.0, 1.0]
Tag_2_pose:
- cols: 4
  rows: 4
  transformation_matrix:
  - [-0.9360557445912168, 0.35161144966775004, 0.013001210725389623, 0.5877894842431017,
    0.058343725179587774, 0.11867060621733705, 0.9912180874823554, 0.009080076205502757,
    0.34698076711822434, 0.9285939239961422, -0.13159662445327225, 0.23110619157093992,
    0.0, 0.0, 0.0, 1.0]
