EE_pose:
- cols: 4
  rows: 4
  transformation_matrix:
  - [0.9422973416747155, 0.026293246324398226, 0.3337429925414002, 0.598841614109381,
    -0.0659831462149582, 0.991942421760228, 0.10815015639392023, -0.042201039755222214,
    -0.3282102135649347, -0.12393101754677266, 0.936439618235731, 0.09670934816252245,
    0.0, 0.0, 0.0, 1.0]
Joint_1_pose:
- cols: 4
  name: waist
  rows: 4
  transformation_matrix:
  - [0.9975114562152639, 0.07050457232905892, 0.0, 0.0, -0.07050457232905892, 0.9975114562152639,
    -0.0, 0.0, -0.0, 0.0, 1.0, 0.079, 0.0, 0.0, 0.0, 1.0]
Joint_2_pose:
- cols: 4
  name: shoulder
  rows: 4
  transformation_matrix:
  - [0.8911457538308104, 0.0, 0.4537171425341088, 0.0, 0.0, 1.0, 0.0, 0.0, -0.4537171425341088,
    0.0, 0.8911457538308104, 0.04805, 0.0, 0.0, 0.0, 1.0]
Joint_3_pose:
- cols: 4
  name: elbow
  rows: 4
  transformation_matrix:
  - [0.9617020731030871, 0.0, 0.27409692188936485, 0.05955, 0.0, 1.0, 0.0, 0.0, -0.27409692188936485,
    0.0, 0.9617020731030871, 0.3, 0.0, 0.0, 0.0, 1.0]
Joint_4_pose:
- cols: 4
  name: forearm_roll
  rows: 4
  transformation_matrix:
  - [1.0, -0.0, 0.0, 0.2, 0.0, 0.9999988234516364, 0.0015339802289716206, 0.0, -0.0,
    -0.0015339802289716206, 0.9999988234516364, 0.0, 0.0, 0.0, 0.0, 1.0]
Joint_5_pose:
- cols: 4
  name: wrist_angle
  rows: 4
  transformation_matrix:
  - [0.9154487111689242, -0.0, -0.4024346620498233, 0.1, 0.0, 1.0, -0.0, 0.0, 0.4024346620498233,
    0.0, 0.9154487111689242, 0.0, 0.0, 0.0, 0.0, 1.0]
Joint_6_pose:
- cols: 4
  name: wrist_rotate
  rows: 4
  transformation_matrix:
  - [1.0, -0.0, 0.0, 0.159744, 0.0, 0.9915114736794766, 0.1300192199713286, 0.0, -0.0,
    -0.1300192199713286, 0.9915114736794766, 0.0, 0.0, 0.0, 0.0, 1.0]
Tag_0_pose:
- cols: 4
  rows: 4
  transformation_matrix:
  - [0.9422973416747153, 0.3337429925414003, -0.026293246324398167, 0.587963766580192,
    -0.06598314621495821, 0.1081501563939204, -0.991942421760228, -0.051276210813798045,
    -0.32821021356493474, 0.9364396182357309, 0.12393101754677284, 0.24366157431390034,
    0.0, 0.0, 0.0, 1.0]
Tag_1_pose:
- cols: 4
  rows: 4
  transformation_matrix:
  - [0.026293246324398056, 0.3337429925414, 0.9422973416747156, 0.6146000077501675,
    0.991942421760228, 0.1081501563939204, -0.06598314621495815, -0.025812330736303145,
    -0.12393101754677277, 0.936439618235731, -0.3282102135649345, 0.2312276904583283,
    0.0, 0.0, 0.0, 1.0]
Tag_2_pose:
- cols: 4
  rows: 4
  transformation_matrix:
  - [-0.942297341674716, 0.3337429925414004, 0.026293246324398167, 0.589409895128034,
    0.06598314621495824, 0.10815015639392012, 0.9919424217602283, 0.0032806223830144365,
    0.32821021356493485, 0.9364396182357312, -0.12393101754677327, 0.2368453683488277,
    0.0, 0.0, 0.0, 1.0]
