EE_pose:
- cols: 4
  rows: 4
  transformation_matrix:
  - [0.9773786636765207, 0.03874830488220608, 0.20791709082866217, 0.5885085152714106,
    -0.06067242593067877, 0.9931230819774667, 0.10012692332866474, -0.03688396472113479,
    -0.20260751348749345, -0.11047675281403602, 0.9730082643873491, 0.11158299142964616,
    0.0, 0.0, 0.0, 1.0]
Joint_1_pose:
- cols: 4
  name: waist
  rows: 4
  transformation_matrix:
  - [0.9980228738005066, 0.06285175710334626, 0.0, 0.0, -0.06285175710334626, 0.9980228738005066,
    -0.0, 0.0, -0.0, 0.0, 1.0, 0.079, 0.0, 0.0, 0.0, 1.0]
Joint_2_pose:
- cols: 4
  name: shoulder
  rows: 4
  transformation_matrix:
  - [0.8986744630113481, 0.0, 0.4386162440348797, 0.0, 0.0, 1.0, 0.0, 0.0, -0.4386162440348797,
    0.0, 0.8986744630113481, 0.04805, 0.0, 0.0, 0.0, 1.0]
Joint_3_pose:
- cols: 4
  name: elbow
  rows: 4
  transformation_matrix:
  - [0.9362656655425173, 0.0, 0.3512927604238766, 0.05955, 0.0, 1.0, 0.0, 0.0, -0.3512927604238766,
    0.0, 0.9362656655425173, 0.3, 0.0, 0.0, 0.0, 1.0]
Joint_4_pose:
- cols: 4
  name: forearm_roll
  rows: 4
  transformation_matrix:
  - [1.0, -0.0, 0.0, 0.2, 0.0, 0.9999988234516364, 0.0015339802289716206, 0.0, -0.0,
    -0.0015339802289716206, 0.9999988234516364, 0.0, 0.0, 0.0, 0.0, 1.0]
Joint_5_pose:
- cols: 4
  name: wrist_angle
  rows: 4
  transformation_matrix:
  - [0.8202259834637244, -0.0, -0.5720396280424689, 0.1, 0.0, 1.0, -0.0, 0.0, 0.5720396280424689,
    0.0, 0.8202259834637244, 0.0, 0.0, 0.0, 0.0, 1.0]
Joint_6_pose:
- cols: 4
  name: wrist_rotate
  rows: 4
  transformation_matrix:
  - [1.0, -0.0, 0.0, 0.159744, 0.0, 0.9937367214233884, 0.11174671581167366, 0.0,
    -0.0, -0.11174671581167366, 0.9937367214233884, 0.0, 0.0, 0.0, 0.0, 1.0]
Tag_0_pose:
- cols: 4
  rows: 4
  transformation_matrix:
  - [0.9773786636765207, 0.20791709082866222, -0.0387483048822059, 0.5585227112768126,
    -0.06067242593067869, 0.10012692332866524, -0.9931230819774666, -0.047366092125076115,
    -0.2026075134874935, 0.973008264387349, 0.11047675281403649, 0.2557586469035905,
    0.0, 0.0, 0.0, 1.0]
Tag_1_pose:
- cols: 4
  rows: 4
  transformation_matrix:
  - [0.03874830488220593, 0.2079170908286621, 0.9773786636765209, 0.5864662029121777,
    0.9931230819774668, 0.10012692332866491, -0.060672425930678786, -0.021723699083789454,
    -0.1104767528140363, 0.9730082643873492, -0.2026075134874935, 0.24714882958029843,
    0.0, 0.0, 0.0, 1.0]
Tag_2_pose:
- cols: 4
  rows: 4
  transformation_matrix:
  - [-0.9773786636765212, 0.20791709082866228, 0.03874830488220592, 0.5606538680453339,
    0.06067242593067872, 0.10012692332866502, 0.9931230819774668, 0.007255677383684562,
    0.20260751348749356, 0.9730082643873492, -0.11047675281403668, 0.24968242549881864,
    0.0, 0.0, 0.0, 1.0]
