EE_pose:
- cols: 4
  rows: 4
  transformation_matrix:
  - [0.9855255553280655, 0.04232920776828131, 0.1641572964111486, 0.45653119881723214,
    -0.05495364690306295, 0.9958064997607973, 0.07314035634451628, -0.02572820483193141,
    -0.1603729294094284, -0.08110273240686171, 0.9837188980134414, 0.1555092354338055,
    0.0, 0.0, 0.0, 1.0]
Joint_1_pose:
- cols: 4
  name: waist
  rows: 4
  transformation_matrix:
  - [0.9983897373639721, 0.05672682193018491, 0.0, 0.0, -0.05672682193018491, 0.9983897373639721,
    -0.0, 0.0, -0.0, 0.0, 1.0, 0.079, 0.0, 0.0, 0.0, 1.0]
Joint_2_pose:
- cols: 4
  name: shoulder
  rows: 4
  transformation_matrix:
  - [0.9990777276413401, 0.0, 0.04293825952476729, 0.0, 0.0, 1.0, 0.0, 0.0, -0.04293825952476729,
    0.0, 0.9990777276413401, 0.04805, 0.0, 0.0, 0.0, 1.0]
Joint_3_pose:
- cols: 4
  name: elbow
  rows: 4
  transformation_matrix:
  - [0.649681303369296, 0.0, 0.7602066850879258, 0.05955, 0.0, 1.0, 0.0, 0.0, -0.7602066850879258,
    0.0, 0.649681303369296, 0.3, 0.0, 0.0, 0.0, 1.0]
Joint_4_pose:
- cols: 4
  name: forearm_roll
  rows: 4
  transformation_matrix:
  - [1.0, -0.0, 0.0, 0.2, 0.0, 0.9999988234516364, 0.0015339802289716206, 0.0, -0.0,
    -0.0015339802289716206, 0.9999988234516364, 0.0, 0.0, 0.0, 0.0, 1.0]
Joint_5_pose:
- cols: 4
  name: wrist_angle
  rows: 4
  transformation_matrix:
  - [0.7347388591268638, -0.0, -0.6783500636757948, 0.1, 0.0, 1.0, -0.0, 0.0, 0.6783500636757948,
    0.0, 0.7347388591268638, 0.0, 0.0, 0.0, 0.0, 1.0]
Joint_6_pose:
- cols: 4
  name: wrist_rotate
  rows: 4
  transformation_matrix:
  - [1.0, -0.0, 0.0, 0.159744, 0.0, 0.9966968952366106, 0.08121144639581726, 0.0,
    -0.0, -0.08121144639581726, 0.9966968952366106, 0.0, 0.0, 0.0, 0.0, 1.0]
Tag_0_pose:
- cols: 4
  rows: 4
  transformation_matrix:
  - [0.9855255553280656, 0.16415729641114846, -0.04232920776828122, 0.4201553042279658,
    -0.05495364690306288, 0.0731403563445165, -0.9958064997607973, -0.040204357318374365,
    -0.16037292940942827, 0.9837188980134414, 0.08110273240686192, 0.29785697292715735,
    0.0, 0.0, 0.0, 1.0]
Tag_1_pose:
- cols: 4
  rows: 4
  transformation_matrix:
  - [0.04232920776828125, 0.1641572964111485, 0.9855255553280654, 0.4484213102131155,
    0.995806499760797, 0.07314035634451682, -0.05495364690306276, -0.014330903864786687,
    -0.08110273240686217, 0.9837188980134413, -0.16037292940942816, 0.29121639222720946,
    0.0, 0.0, 0.0, 1.0]
Tag_2_pose:
- cols: 4
  rows: 4
  transformation_matrix:
  - [-0.9855255553280656, 0.16415729641114846, 0.04232920776828122, 0.4224834106552214,
    0.05495364690306288, 0.07314035634451654, 0.9958064997607973, 0.014565000168469459,
    0.16037292940942827, 0.9837188980134414, -0.08110273240686194, 0.29339632264478005,
    0.0, 0.0, 0.0, 1.0]
