EE_pose:
- cols: 4
  rows: 4
  transformation_matrix:
  - [0.9968054112550317, 0.05437336217549155, -0.05850221857690434, 0.37058912155849877,
    -0.04928186324346034, 0.9951436263075072, 0.08520833864591824, -0.018528445059408302,
    0.06285117379922144, -0.08205303471095653, 0.994644172278098, 0.21781174299773276,
    0.0, 0.0, 0.0, 1.0]
Joint_1_pose:
- cols: 4
  name: waist
  rows: 4
  transformation_matrix:
  - [0.9987190121331417, 0.05059975102509362, 0.0, 0.0, -0.05059975102509362, 0.9987190121331417,
    -0.0, 0.0, -0.0, 0.0, 1.0, 0.079, 0.0, 0.0, 0.0, 1.0]
Joint_2_pose:
- cols: 4
  name: shoulder
  rows: 4
  transformation_matrix:
  - [0.9591386199727475, -0.0, -0.28293657889494145, 0.0, 0.0, 1.0, -0.0, 0.0, 0.28293657889494145,
    0.0, 0.9591386199727475, 0.04805, 0.0, 0.0, 0.0, 1.0]
Joint_3_pose:
- cols: 4
  name: elbow
  rows: 4
  transformation_matrix:
  - [0.41503440433364547, 0.0, 0.909805717293212, 0.05955, 0.0, 1.0, 0.0, 0.0, -0.909805717293212,
    0.0, 0.41503440433364547, 0.3, 0.0, 0.0, 0.0, 1.0]
Joint_4_pose:
- cols: 4
  name: forearm_roll
  rows: 4
  transformation_matrix:
  - [1.0, -0.0, 0.0, 0.2, 0.0, 0.9999988234516364, 0.0015339802289716206, 0.0, -0.0,
    -0.0015339802289716206, 0.9999988234516364, 0.0, 0.0, 0.0, 0.0, 1.0]
Joint_5_pose:
- cols: 4
  name: wrist_angle
  rows: 4
  transformation_matrix:
  - [0.6067310931058942, -0.0, -0.7949071522250425, 0.1, 0.0, 1.0, -0.0, 0.0, 0.7949071522250425,
    0.0, 0.6067310931058942, 0.0, 0.0, 0.0, 0.0, 1.0]
Joint_6_pose:
- cols: 4
  name: wrist_rotate
  rows: 4
  transformation_matrix:
  - [1.0, -0.0, 0.0, 0.159744, 0.0, 0.9966968952366106, 0.08121144639581726, 0.0,
    -0.0, -0.08121144639581726, 0.9966968952366106, 0.0, 0.0, 0.0, 0.0, 1.0]
Tag_0_pose:
- cols: 4
  rows: 4
  transformation_matrix:
  - [0.9968054112550317, -0.05850221857690425, -0.05437336217549174, 0.30361539006654215,
    -0.04928186324346052, 0.0852083386459185, -0.9951436263075071, -0.03170962435121896,
    0.06285117379922138, 0.9946441722780979, 0.08205303471095678, 0.3487178882697437,
    0.0, 0.0, 0.0, 1.0]
Tag_1_pose:
- cols: 4
  rows: 4
  transformation_matrix:
  - [0.054373362175491324, -0.0585022185769043, 0.9968054112550319, 0.3325228063358816,
    0.9951436263075072, 0.0852083386459182, -0.04928186324346023, -0.005698425866957683,
    -0.0820530347109566, 0.9946441722780981, 0.06285117379922134, 0.3481898370946711,
    0.0, 0.0, 0.0, 1.0]
Tag_2_pose:
- cols: 4
  rows: 4
  transformation_matrix:
  - [-0.9968054112550317, -0.05850221857690425, 0.05437336217549174, 0.3066059249861944,
    0.04928186324346052, 0.08520833864591848, 0.9951436263075071, 0.0230232750956939,
    -0.06285117379922138, 0.9946441722780979, -0.08205303471095682, 0.34420497136064127,
    0.0, 0.0, 0.0, 1.0]
