EE_pose:
- cols: 4
  rows: 4
  transformation_matrix:
  - [0.9952753302701408, 0.038605960787532194, -0.08908757908560254, 0.36732797495807834,
    -0.03547306959351055, 0.9987043685457997, 0.036486238243336105, -0.01328942767135383,
    0.09038074069886746, -0.03315364292513044, 0.9953552921803938, 0.2344536912203709,
    0.0, 0.0, 0.0, 1.0]
Joint_1_pose:
- cols: 4
  name: waist
  rows: 4
  transformation_matrix:
  - [0.9993223845849204, 0.03680722303445884, 0.0, 0.0, -0.03680722303445884, 0.9993223845849204,
    -0.0, 0.0, -0.0, 0.0, 1.0, 0.079, 0.0, 0.0, 0.0, 1.0]
Joint_2_pose:
- cols: 4
  name: shoulder
  rows: 4
  transformation_matrix:
  - [0.9415440581966873, -0.0, -0.33688987291771355, 0.0, 0.0, 1.0, -0.0, 0.0, 0.33688987291771355,
    0.0, 0.9415440581966873, 0.04805, 0.0, 0.0, 0.0, 1.0]
Joint_3_pose:
- cols: 4
  name: elbow
  rows: 4
  transformation_matrix:
  - [0.4220002704471314, 0.0, 0.9065957046790747, 0.05955, 0.0, 1.0, 0.0, 0.0, -0.9065957046790747,
    0.0, 0.4220002704471314, 0.3, 0.0, 0.0, 0.0, 1.0]
Joint_4_pose:
- cols: 4
  name: forearm_roll
  rows: 4
  transformation_matrix:
  - [1.0, -0.0, 0.0, 0.2, 0.0, 0.9999988234516364, 0.0015339802289716206, 0.0, -0.0,
    -0.0015339802289716206, 0.9999988234516364, 0.0, 0.0, 0.0, 0.0, 1.0]
Joint_5_pose:
- cols: 4
  name: wrist_angle
  rows: 4
  transformation_matrix:
  - [0.6355783221207482, -0.0, -0.7720363958066839, 0.1, 0.0, 1.0, -0.0, 0.0, 0.7720363958066839,
    0.0, 0.6355783221207482, 0.0, 0.0, 0.0, 0.0, 1.0]
Joint_6_pose:
- cols: 4
  name: wrist_rotate
  rows: 4
  transformation_matrix:
  - [1.0, -0.0, 0.0, 0.159744, 0.0, 0.9994811869035494, 0.032208027351458814, 0.0,
    -0.0, -0.032208027351458814, 0.9994811869035494, 0.0, 0.0, 0.0, 0.0, 1.0]
Tag_0_pose:
- cols: 4
  rows: 4
  transformation_matrix:
  - [0.9952753302701409, -0.08908757908560254, -0.038605960787532305, 0.29680855909164827,
    -0.03547306959351061, 0.03648623824333637, -0.9987043685457998, -0.03384785533140767,
    0.09038074069886748, 0.995355292180394, 0.03315364292513069, 0.36251619980684285,
    0.0, 0.0, 0.0, 1.0]
Tag_1_pose:
- cols: 4
  rows: 4
  transformation_matrix:
  - [0.03860596078753209, -0.0890875790856025, 0.9952753302701409, 0.32524029459573417,
    0.9987043685457997, 0.03648623824333597, -0.03547306959351043, -0.007358994610219727,
    -0.03315364292513029, 0.9953552921803939, 0.09038074069886737, 0.36408994499562075,
    0.0, 0.0, 0.0, 1.0]
Tag_2_pose:
- cols: 4
  rows: 4
  transformation_matrix:
  - [-0.9952753302701414, -0.08908757908560254, 0.038605960787532305, 0.2989318869349624,
    0.03547306959351061, 0.03648623824333641, 0.9987043685457998, 0.021080884938611294,
    -0.09038074069886748, 0.995355292180394, -0.03315364292513112, 0.36069274944596075,
    0.0, 0.0, 0.0, 1.0]
