EE_pose:
- cols: 4
  rows: 4
  transformation_matrix:
  - [0.9991224921990378, -0.014791501748039483, 0.03918490854935486, 0.36131449570292046,
    0.016860583307932164, 0.9984516357984066, -0.05300992078849368, 0.006097323604190259,
    -0.03834013970370788, 0.0536240845844835, 0.9978248800465823, 0.2678477370943934,
    0.0, 0.0, 0.0, 1.0]
Joint_1_pose:
- cols: 4
  name: waist
  rows: 4
  transformation_matrix:
  - [0.9998576409841511, -0.016872989231562063, 0.0, 0.0, 0.016872989231562063, 0.9998576409841511,
    0.0, 0.0, 0.0, 0.0, 1.0, 0.079, 0.0, 0.0, 0.0, 1.0]
Joint_2_pose:
- cols: 4
  name: shoulder
  rows: 4
  transformation_matrix:
  - [0.8497417548215509, -0.0, -0.5271991560243541, 0.0, 0.0, 1.0, -0.0, 0.0, 0.5271991560243541,
    0.0, 0.8497417548215509, 0.04805, 0.0, 0.0, 0.0, 1.0]
Joint_3_pose:
- cols: 4
  name: elbow
  rows: 4
  transformation_matrix:
  - [0.5127863434879177, 0.0, 0.8585162583971787, 0.05955, 0.0, 1.0, 0.0, 0.0, -0.8585162583971787,
    0.0, 0.5127863434879177, 0.3, 0.0, 0.0, 0.0, 1.0]
Joint_4_pose:
- cols: 4
  name: forearm_roll
  rows: 4
  transformation_matrix:
  - [1.0, 0.0, 0.0, 0.2, 0.0, 1.0, 0.0, 0.0, 0.0, 0.0, 1.0, 0.0, 0.0, 0.0, 0.0, 1.0]
Joint_5_pose:
- cols: 4
  name: wrist_angle
  rows: 4
  transformation_matrix:
  - [0.9052967498794409, -0.0, -0.42477970132495874, 0.1, 0.0, 1.0, -0.0, 0.0, 0.42477970132495874,
    0.0, 0.9052967498794409, 0.0, 0.0, 0.0, 0.0, 1.0]
Joint_6_pose:
- cols: 4
  name: wrist_rotate
  rows: 4
  transformation_matrix:
  - [1.0, 0.0, 0.0, 0.159744, 0.0, 0.9985590740558749, -0.05366354088833302, 0.0,
    0.0, 0.05366354088833302, 0.9985590740558749, 0.0, 0.0, 0.0, 0.0, 1.0]
Tag_0_pose:
- cols: 4
  rows: 4
  transformation_matrix:
  - [0.9991224921990378, 0.03918490854935498, 0.014791501748039533, 0.30910106725354564,
    0.016860583307932223, -0.053009920788493724, -0.9984516357984065, -0.029386349907303617,
    -0.03834013970370801, 0.9978248800465822, -0.05362408458448354, 0.4013030100181265,
    0.0, 0.0, 0.0, 1.0]
Tag_1_pose:
- cols: 4
  rows: 4
  transformation_matrix:
  - [-0.014791501748039448, 0.03918490854935475, 0.9991224921990378, 0.3361701694909482,
    0.9984516357984066, -0.053009920788493536, 0.01686058330793211, -0.0014652638818793114,
    0.05362408458448331, 0.9978248800465823, -0.038340139703707865, 0.4017233185023478,
    0.0, 0.0, 0.0, 1.0]
Tag_2_pose:
- cols: 4
  rows: 4
  transformation_matrix:
  - [-0.9991224921990378, 0.03918490854935498, -0.014791501748039533, 0.30828753465740355,
    -0.016860583307932223, -0.05300992078849376, 0.9984516357984065, 0.025528490061608733,
    0.03834013970370801, 0.9978248800465822, 0.05362408458448353, 0.4042523346702731,
    0.0, 0.0, 0.0, 1.0]
