EE_pose:
- cols: 4
  rows: 4
  transformation_matrix:
  - [0.9982068204271035, -0.044745764196872644, 0.03976129071408733, 0.4043240440440559,
    0.045969358353682384, 0.9984798367697315, -0.030411077863845348, 0.01861990570623294,
    -0.0383400801428874, 0.03218434636167096, 0.9987463171916625, 0.2809397690492565,
    0.0, 0.0, 0.0, 1.0]
Joint_1_pose:
- cols: 4
  name: waist
  rows: 4
  transformation_matrix:
  - [0.9989412931814996, -0.04600318224724523, 0.0, 0.0, 0.04600318224724523, 0.9989412931814996,
    0.0, 0.0, 0.0, 0.0, 1.0, 0.079, 0.0, 0.0, 0.0, 1.0]
Joint_2_pose:
- cols: 4
  name: shoulder
  rows: 4
  transformation_matrix:
  - [0.9179007658495223, -0.0, -0.39681001002099286, 0.0, 0.0, 1.0, -0.0, 0.0, 0.39681001002099286,
    0.0, 0.9179007658495223, 0.04805, 0.0, 0.0, 0.0, 1.0]
Joint_3_pose:
- cols: 4
  name: elbow
  rows: 4
  transformation_matrix:
  - [0.6343932824352598, 0.0, 0.7730104547811865, 0.05955, 0.0, 1.0, 0.0, 0.0, -0.7730104547811865,
    0.0, 0.6343932824352598, 0.3, 0.0, 0.0, 0.0, 1.0]
Joint_4_pose:
- cols: 4
  name: forearm_roll
  rows: 4
  transformation_matrix:
  - [1.0, 0.0, 0.0, 0.2, 0.0, 1.0, 0.0, 0.0, 0.0, 0.0, 1.0, 0.0, 0.0, 0.0, 0.0, 1.0]
Joint_5_pose:
- cols: 4
  name: wrist_angle
  rows: 4
  transformation_matrix:
  - [0.9059472902412304, -0.0, -0.42339049033318155, 0.1, 0.0, 1.0, -0.0, 0.0, 0.42339049033318155,
    0.0, 0.9059472902412304, 0.0, 0.0, 0.0, 0.0, 1.0]
Joint_6_pose:
- cols: 4
  name: wrist_rotate
  rows: 4
  transformation_matrix:
  - [1.0, 0.0, 0.0, 0.159744, 0.0, 0.9994811869035494, -0.032208027351458814, 0.0,
    0.0, 0.032208027351458814, 0.9994811869035494, 0.0, 0.0, 0.0, 0.0, 1.0]
Tag_0_pose:
- cols: 4
  rows: 4
  transformation_matrix:
  - [0.9982068204271035, 0.03976129071408735, 0.044745764196872595, 0.3530640180845259,
    0.04596935835368232, -0.030411077863845302, -0.9984798367697316, -0.015543788223281799,
    -0.03834008014288744, 0.9987463171916626, -0.03218434636167091, 0.4151071824668788,
    0.0, 0.0, 0.0, 1.0]
Tag_1_pose:
- cols: 4
  rows: 4
  transformation_matrix:
  - [-0.044745764196872595, 0.03976129071408757, 0.9982068204271036, 0.37928419713085726,
    0.9984798367697316, -0.030411077863845448, 0.045969358353682266, 0.013178564642612077,
    0.032184346361671, 0.9987463171916626, -0.0383400801428877, 0.4149378997878952,
    0.0, 0.0, 0.0, 1.0]
Tag_2_pose:
- cols: 4
  rows: 4
  transformation_matrix:
  - [-0.9982068204271036, 0.03976129071408735, -0.044745764196872595, 0.35060300105369796,
    -0.04596935835368232, -0.030411077863845337, 0.9984798367697316, 0.039372602799053434,
    0.03834008014288744, 0.9987463171916626, 0.03218434636167078, 0.4168773215167706,
    0.0, 0.0, 0.0, 1.0]
