EE_pose:
- cols: 4
  rows: 4
  transformation_matrix:
  - [0.991406480700197, -0.08877273745730833, 0.09608637317531425, 0.5246127383787358,
    0.08997290870115059, 0.9959102724351675, -0.008222223419785207, 0.04761007208695484,
    -0.09496349680537446, 0.016796736065267222, 0.9953390396905214, 0.2751988222662848,
    0.0, 0.0, 0.0, 1.0]
Joint_1_pose:
- cols: 4
  name: waist
  rows: 4
  transformation_matrix:
  - [0.9959072291161314, -0.0903813641976566, 0.0, 0.0, 0.0903813641976566, 0.9959072291161314,
    0.0, 0.0, 0.0, 0.0, 1.0, 0.079, 0.0, 0.0, 0.0, 1.0]
Joint_2_pose:
- cols: 4
  name: shoulder
  rows: 4
  transformation_matrix:
  - [0.9999423496690654, -0.0, -0.010737659815281426, 0.0, 0.0, 1.0, -0.0, 0.0, 0.010737659815281426,
    0.0, 0.9999423496690654, 0.04805, 0.0, 0.0, 0.0, 1.0]
Joint_3_pose:
- cols: 4
  name: elbow
  rows: 4
  transformation_matrix:
  - [0.8911457538308104, 0.0, 0.4537171425341088, 0.05955, 0.0, 1.0, 0.0, 0.0, -0.4537171425341088,
    0.0, 0.8911457538308104, 0.3, 0.0, 0.0, 0.0, 1.0]
Joint_4_pose:
- cols: 4
  name: forearm_roll
  rows: 4
  transformation_matrix:
  - [1.0, 0.0, 0.0, 0.2, 0.0, 1.0, 0.0, 0.0, 0.0, 0.0, 1.0, 0.0, 0.0, 0.0, 0.0, 1.0]
Joint_5_pose:
- cols: 4
  name: wrist_angle
  rows: 4
  transformation_matrix:
  - [0.9340925425374934, -0.0, -0.35703098181508147, 0.1, 0.0, 1.0, -0.0, 0.0, 0.35703098181508147,
    0.0, 0.9340925425374934, 0.0, 0.0, 0.0, 0.0, 1.0]
Joint_6_pose:
- cols: 4
  name: wrist_rotate
  rows: 4
  transformation_matrix:
  - [1.0, 0.0, 0.0, 0.159744, 0.0, 0.9998576409841511, -0.016872989231562063, 0.0,
    0.0, 0.016872989231562063, 0.9998576409841511, 0.0, 0.0, 0.0, 0.0, 1.0]
Tag_0_pose:
- cols: 4
  rows: 4
  transformation_matrix:
  - [0.991406480700197, 0.09608637317531417, 0.08877273745730836, 0.482448311359481,
    0.08997290870115061, -0.008222223419785025, -0.9959102724351673, 0.013921119794429272,
    -0.09496349680537437, 0.9953390396905212, -0.016796736065267038, 0.412613736504246,
    0.0, 0.0, 0.0, 1.0]
Tag_1_pose:
- cols: 4
  rows: 4
  transformation_matrix:
  - [-0.08877273745730851, 0.09608637317531427, 0.9914064807001972, 0.5072707392986607,
    0.9959102724351676, -0.008222223419785402, 0.0899729087011506, 0.04378290727567803,
    0.01679673606526727, 0.9953390396905216, -0.09496349680537475, 0.410464150583893,
    0.0, 0.0, 0.0, 1.0]
Tag_2_pose:
- cols: 4
  rows: 4
  transformation_matrix:
  - [-0.9914064807001965, 0.09608637317531417, -0.08877273745730836, 0.477565810799329,
    -0.08997290870115061, -0.008222223419785069, 0.9959102724351673, 0.06869618477836348,
    0.09496349680537437, 0.9953390396905212, 0.016796736065267437, 0.4135375569878356,
    0.0, 0.0, 0.0, 1.0]
