EE_pose:
- cols: 4
  rows: 4
  transformation_matrix:
  - [0.932895991950702, 0.05387942384966733, 0.35609279112043757, 0.5645230662171316,
    -0.047264850625193006, 0.9985104388767133, -0.027256877106736598, -0.02860136459953689,
    -0.35703095397695406, 0.008597158824951883, 0.9340529892690482, 0.1554669885101772,
    0.0, 0.0, 0.0, 1.0]
Joint_1_pose:
- cols: 4
  name: waist
  rows: 4
  transformation_matrix:
  - [0.9987190121331417, 0.05059975102509362, 0.0, 0.0, -0.05059975102509362, 0.9987190121331417,
    -0.0, 0.0, -0.0, 0.0, 1.0, 0.079, 0.0, 0.0, 0.0, 1.0]
Joint_2_pose:
- cols: 4
  name: shoulder
  rows: 4
  transformation_matrix:
  - [0.9685220947341647, 0.0, 0.2489276039569449, 0.0, 0.0, 1.0, 0.0, 0.0, -0.2489276039569449,
    0.0, 0.9685220947341647, 0.04805, 0.0, 0.0, 0.0, 1.0]
Joint_3_pose:
- cols: 4
  name: elbow
  rows: 4
  transformation_matrix:
  - [0.9318842620876997, 0.0, 0.36275573334306294, 0.05955, 0.0, 1.0, 0.0, 0.0, -0.36275573334306294,
    0.0, 0.9318842620876997, 0.3, 0.0, 0.0, 0.0, 1.0]
Joint_4_pose:
- cols: 4
  name: forearm_roll
  rows: 4
  transformation_matrix:
  - [1.0, 0.0, 0.0, 0.2, 0.0, 1.0, 0.0, 0.0, 0.0, 0.0, 1.0, 0.0, 0.0, 0.0, 0.0, 1.0]
Joint_5_pose:
- cols: 4
  name: wrist_angle
  rows: 4
  transformation_matrix:
  - [0.9669764670808492, -0.0, -0.2548656746441927, 0.1, 0.0, 1.0, -0.0, 0.0, 0.2548656746441927,
    0.0, 0.9669764670808492, 0.0, 0.0, 0.0, 0.0, 1.0]
Joint_6_pose:
- cols: 4
  name: wrist_rotate
  rows: 4
  transformation_matrix:
  - [1.0, 0.0, 0.0, 0.159744, 0.0, 0.9999576445517495, -0.009203754805349615, 0.0,
    0.0, 0.009203754805349615, 0.9999576445517495, 0.0, 0.0, 0.0, 0.0, 1.0]
Tag_0_pose:
- cols: 4
  rows: 4
  transformation_matrix:
  - [0.932895991950702, 0.35609279112043746, -0.05387942384966718, 0.5564032963945179,
    -0.04726485062519295, -0.02725687710673605, -0.998510438876713, -0.0569497548263417,
    -0.35703095397695384, 0.9340529892690479, -0.008597158824951379, 0.30012548697132185,
    0.0, 0.0, 0.0, 1.0]
Tag_1_pose:
- cols: 4
  rows: 4
  transformation_matrix:
  - [0.05387942384966754, 0.3560927911204373, 0.9328959919507018, 0.5835396203290278,
    0.998510438876713, -0.027256877106736244, -0.04726485062519292, -0.030790501149424873,
    0.008597158824951878, 0.934052989269048, -0.3570309539769535, 0.2905435576046418,
    0.0, 0.0, 0.0, 1.0]
Tag_2_pose:
- cols: 4
  rows: 4
  transformation_matrix:
  - [-0.9328959919507016, 0.35609279112043746, 0.05387942384966718, 0.5593666647062497,
    0.04726485062519295, -0.027256877106736077, 0.998510438876713, -0.0020316806881224506,
    0.35703095397695384, 0.9340529892690479, 0.008597158824951823, 0.3005983307066943,
    0.0, 0.0, 0.0, 1.0]
