EE_pose:
- cols: 4
  rows: 4
  transformation_matrix:
  - [0.9711345922328563, -0.02724240059311879, 0.23697142312660374, 0.5245275190753387,
    -0.0029794130445859827, 0.9919939470176499, 0.12625027595317848, -0.0016092353676581505,
    -0.23851357795025752, -0.12331204600633308, 0.9632784708707542, 0.12801048884290733,
    0.0, 0.0, 0.0, 1.0]
Joint_1_pose:
- cols: 4
  name: waist
  rows: 4
  transformation_matrix:
  - [0.9999952938093143, 0.0030679568483393837, 0.0, 0.0, -0.0030679568483393837,
    0.9999952938093143, -0.0, 0.0, -0.0, 0.0, 1.0, 0.079, 0.0, 0.0, 0.0, 1.0]
Joint_2_pose:
- cols: 4
  name: shoulder
  rows: 4
  transformation_matrix:
  - [0.9692812342856254, 0.0, 0.24595505455618222, 0.0, 0.0, 1.0, 0.0, 0.0, -0.24595505455618222,
    0.0, 0.9692812342856254, 0.04805, 0.0, 0.0, 0.0, 1.0]
Joint_3_pose:
- cols: 4
  name: elbow
  rows: 4
  transformation_matrix:
  - [0.8202259834637244, 0.0, 0.5720396280424689, 0.05955, 0.0, 1.0, 0.0, 0.0, -0.5720396280424689,
    0.0, 0.8202259834637244, 0.3, 0.0, 0.0, 0.0, 1.0]
Joint_4_pose:
- cols: 4
  name: forearm_roll
  rows: 4
  transformation_matrix:
  - [1.0, 0.0, 0.0, 0.2, 0.0, 1.0, 0.0, 0.0, 0.0, 0.0, 1.0, 0.0, 0.0, 0.0, 0.0, 1.0]
Joint_5_pose:
- cols: 4
  name: wrist_angle
  rows: 4
  transformation_matrix:
  - [0.8158143991323512, -0.0, -0.5783138128804471, 0.1, 0.0, 1.0, -0.0, 0.0, 0.5783138128804471,
    0.0, 0.8158143991323512, 0.0, 0.0, 0.0, 0.0, 1.0]
Joint_6_pose:
- cols: 4
  name: wrist_rotate
  rows: 4
  transformation_matrix:
  - [1.0, -0.0, 0.0, 0.159744, 0.0, 0.9919056999955113, 0.12697669989574775, 0.0,
    -0.0, -0.12697669989574775, 0.9919056999955113, 0.0, 0.0, 0.0, 0.0, 1.0]
Tag_0_pose:
- cols: 4
  rows: 4
  transformation_matrix:
  - [0.9711345922328564, 0.23697142312660374, 0.02724240059311872, 0.5005821086418021,
    -0.0029794130445860018, 0.1262502759531782, -0.9919939470176501, -0.011925326094964491,
    -0.23851357795025752, 0.9632784708707544, 0.1233120460063328, 0.2733233879906838,
    0.0, 0.0, 0.0, 1.0]
Tag_1_pose:
- cols: 4
  rows: 4
  transformation_matrix:
  - [-0.0272424005931185, 0.23697142312660363, 0.9711345922328563, 0.5265391439118948,
    0.9919939470176498, 0.12625027595317856, -0.002979413044586099, 0.015272573589294774,
    -0.12331204600633311, 0.963278470870754, -0.2385135779502573, 0.2633731833318776,
    0.0, 0.0, 0.0, 1.0]
Tag_2_pose:
- cols: 4
  rows: 4
  transformation_matrix:
  - [-0.9711345922328566, 0.23697142312660374, -0.02724240059311872, 0.49908377660918063,
    0.0029794130445860018, 0.12625027595317817, 0.9919939470176501, 0.042634340991006256,
    0.23851357795025752, 0.9632784708707544, -0.12331204600633305, 0.2665412254603355,
    0.0, 0.0, 0.0, 1.0]
