EE_pose:
- cols: 4
  rows: 4
  transformation_matrix:
  - [0.9882529163634025, -0.021243966039519092, 0.15134354035155084, 0.5152538196220343,
    -0.0030319315714965947, 0.9873712396330975, 0.15839457862043818, -0.001580783924013025,
    -0.152797188096429, -0.1569927675159342, 0.9757080968494176, 0.14570317181068218,
    0.0, 0.0, 0.0, 1.0]
Joint_1_pose:
- cols: 4
  name: waist
  rows: 4
  transformation_matrix:
  - [0.9999952938093143, 0.0030679568483393837, 0.0, 0.0, -0.0030679568483393837,
    0.9999952938093143, -0.0, 0.0, -0.0, 0.0, 1.0, 0.079, 0.0, 0.0, 0.0, 1.0]
Joint_2_pose:
- cols: 4
  name: shoulder
  rows: 4
  transformation_matrix:
  - [0.9763697298691322, 0.0, 0.21610680367651036, 0.0, 0.0, 1.0, 0.0, 0.0, -0.21610680367651036,
    0.0, 0.9763697298691322, 0.04805, 0.0, 0.0, 0.0, 1.0]
Joint_3_pose:
- cols: 4
  name: elbow
  rows: 4
  transformation_matrix:
  - [0.7911693189465064, 0.0, 0.6115971785069985, 0.05955, 0.0, 1.0, 0.0, 0.0, -0.6115971785069985,
    0.0, 0.7911693189465064, 0.3, 0.0, 0.0, 0.0, 1.0]
Joint_4_pose:
- cols: 4
  name: forearm_roll
  rows: 4
  transformation_matrix:
  - [1.0, 0.0, 0.0, 0.2, 0.0, 1.0, 0.0, 0.0, 0.0, 0.0, 1.0, 0.0, 0.0, 0.0, 0.0, 1.0]
Joint_5_pose:
- cols: 4
  name: wrist_angle
  rows: 4
  transformation_matrix:
  - [0.7501516310484653, -0.0, -0.6612658545814438, 0.1, 0.0, 1.0, -0.0, 0.0, 0.6612658545814438,
    0.0, 0.7501516310484653, 0.0, 0.0, 0.0, 0.0, 1.0]
Joint_6_pose:
- cols: 4
  name: wrist_rotate
  rows: 4
  transformation_matrix:
  - [1.0, -0.0, 0.0, 0.159744, 0.0, 0.9873014173046694, 0.15885814863642103, 0.0,
    -0.0, -0.15885814863642103, 0.9873014173046694, 0.0, 0.0, 0.0, 0.0, 1.0]
Tag_0_pose:
- cols: 4
  rows: 4
  transformation_matrix:
  - [0.9882529163634026, 0.15134354035155084, 0.02124396603951921, 0.47876409106323964,
    -0.0030319315714965184, 0.15839457862043843, -0.9873712396330974, -0.007491518035663261,
    -0.152797188096429, 0.9757080968494174, 0.15699276751593444, 0.2886339452621095,
    0.0, 0.0, 0.0, 1.0]
Tag_1_pose:
- cols: 4
  rows: 4
  transformation_matrix:
  - [-0.021243966039519058, 0.15134354035155084, 0.9882529163634023, 0.5053568371971464,
    0.9873712396330974, 0.15839457862043826, -0.003031931571496449, 0.019577812936030774,
    -0.15699276751593405, 0.9757080968494174, -0.15279718809642873, 0.2801147214827695,
    0.0, 0.0, 0.0, 1.0]
Tag_2_pose:
- cols: 4
  rows: 4
  transformation_matrix:
  - [-0.9882529163634023, 0.15134354035155084, -0.02124396603951921, 0.477595672931066,
    0.0030319315714965184, 0.1583945786204385, 0.9873712396330974, 0.04681390014415712,
    0.152797188096429, 0.9757080968494174, -0.15699276751593416, 0.2799993430487332,
    0.0, 0.0, 0.0, 1.0]
