EE_pose:
- cols: 4
  rows: 4
  transformation_matrix:
  - [0.9874277522206298, 0.00420890567180669, 0.15801493365362712, 0.5089779113798464,
    -0.015148140851651934, 0.9975642609251328, 0.06808875937797645, -0.007808236171833661,
    -0.15734347133978221, -0.0696263630957362, 0.9850863929568857, 0.1398518626550398,
    0.0, 0.0, 0.0, 1.0]
Joint_1_pose:
- cols: 4
  name: waist
  rows: 4
  transformation_matrix:
  - [0.9998823474440932, 0.015339206944610174, 0.0, 0.0, -0.015339206944610174, 0.9998823474440932,
    -0.0, 0.0, -0.0, 0.0, 1.0, 0.079, 0.0, 0.0, 0.0, 1.0]
Joint_2_pose:
- cols: 4
  name: shoulder
  rows: 4
  transformation_matrix:
  - [0.9763697298691322, 0.0, 0.21610680367651036, 0.0, 0.0, 1.0, 0.0, 0.0, -0.21610680367651036,
    0.0, 0.9763697298691322, 0.04805, 0.0, 0.0, 0.0, 1.0]
Joint_3_pose:
- cols: 4
  name: elbow
  rows: 4
  transformation_matrix:
  - [0.7749530858802274, 0.0, 0.6320187613391811, 0.05955, 0.0, 1.0, 0.0, 0.0, -0.6320187613391811,
    0.0, 0.7749530858802274, 0.3, 0.0, 0.0, 0.0, 1.0]
Joint_4_pose:
- cols: 4
  name: forearm_roll
  rows: 4
  transformation_matrix:
  - [1.0, 0.0, 0.0, 0.2, 0.0, 1.0, 0.0, 0.0, 0.0, 0.0, 1.0, 0.0, 0.0, 0.0, 0.0, 1.0]
Joint_5_pose:
- cols: 4
  name: wrist_angle
  rows: 4
  transformation_matrix:
  - [0.7357785731741061, -0.0, -0.6772221875115114, 0.1, 0.0, 1.0, -0.0, 0.0, 0.6772221875115114,
    0.0, 0.7357785731741061, 0.0, 0.0, 0.0, 0.0, 1.0]
Joint_6_pose:
- cols: 4
  name: wrist_rotate
  rows: 4
  transformation_matrix:
  - [1.0, -0.0, 0.0, 0.159744, 0.0, 0.9975114562152639, 0.07050457232905892, 0.0,
    -0.0, -0.07050457232905892, 0.9975114562152639, 0.0, 0.0, 0.0, 0.0, 1.0]
Tag_0_pose:
- cols: 4
  rows: 4
  transformation_matrix:
  - [0.9874277522206298, 0.15801493365362715, -0.004208905671806623, 0.4727232867876732,
    -0.015148140851651892, 0.06808875937797665, -0.9975642609251327, -0.025308634875306945,
    -0.15734347133978221, 0.9850863929568856, 0.06962636309573639, 0.28189052397074105,
    0.0, 0.0, 0.0, 1.0]
Tag_1_pose:
- cols: 4
  rows: 4
  transformation_matrix:
  - [0.004208905671806928, 0.15801493365362707, 0.9874277522206298, 0.4999932948797153,
    0.9975642609251328, 0.06808875937797626, -0.015148140851652003, 0.0017078084267137896,
    -0.06962636309573605, 0.9850863929568856, -0.1573434713397821, 0.27564885352376434,
    0.0, 0.0, 0.0, 1.0]
Tag_2_pose:
- cols: 4
  rows: 4
  transformation_matrix:
  - [-0.9874277522206297, 0.15801493365362715, 0.004208905671806623, 0.4729547765996226,
    0.015148140851651892, 0.06808875937797665, 0.9975642609251327, 0.029557399475575383,
    0.15734347133978221, 0.9850863929568856, -0.06962636309573622, 0.2780610740004756,
    0.0, 0.0, 0.0, 1.0]
