EE_pose:
- cols: 4
  rows: 4
  transformation_matrix:
  - [0.9813770233273795, 0.007810446287663421, 0.19193263144624362, 0.3911029770434981,
    -0.02409145436272104, 0.9962882138610805, 0.08264016425556549, -0.009601039456397162,
    -0.19057476200111334, -0.08572509463561669, 0.9779225267054306, 0.13316309067199256,
    0.0, 0.0, 0.0, 1.0]
Joint_1_pose:
- cols: 4
  name: waist
  rows: 4
  transformation_matrix:
  - [0.9996988186794428, 0.024541229205697058, 0.0, 0.0, -0.024541229205697058, 0.9996988186794428,
    -0.0, 0.0, -0.0, 0.0, 1.0, 0.079, 0.0, 0.0, 0.0, 1.0]
Joint_2_pose:
- cols: 4
  name: shoulder
  rows: 4
  transformation_matrix:
  - [0.9979252859482554, -0.0, -0.06438263481011608, 0.0, 0.0, 1.0, -0.0, 0.0, 0.06438263481011608,
    0.0, 0.9979252859482554, 0.04805, 0.0, 0.0, 0.0, 1.0]
Joint_3_pose:
- cols: 4
  name: elbow
  rows: 4
  transformation_matrix:
  - [0.4509809638335631, 0.0, 0.8925335681416978, 0.05955, 0.0, 1.0, 0.0, 0.0, -0.8925335681416978,
    0.0, 0.4509809638335631, 0.3, 0.0, 0.0, 0.0, 1.0]
Joint_4_pose:
- cols: 4
  name: forearm_roll
  rows: 4
  transformation_matrix:
  - [1.0, 0.0, 0.0, 0.2, 0.0, 1.0, 0.0, 0.0, 0.0, 0.0, 1.0, 0.0, 0.0, 0.0, 0.0, 1.0]
Joint_5_pose:
- cols: 4
  name: wrist_angle
  rows: 4
  transformation_matrix:
  - [0.662415764821956, -0.0, -0.7491364058136162, 0.1, 0.0, 1.0, -0.0, 0.0, 0.7491364058136162,
    0.0, 0.662415764821956, 0.0, 0.0, 0.0, 0.0, 1.0]
Joint_6_pose:
- cols: 4
  name: wrist_rotate
  rows: 4
  transformation_matrix:
  - [1.0, -0.0, 0.0, 0.159744, 0.0, 0.9961798284137185, 0.08732553728213875, 0.0,
    -0.0, -0.08732553728213875, 0.9961798284137185, 0.0, 0.0, 0.0, 0.0, 1.0]
Tag_0_pose:
- cols: 4
  rows: 4
  transformation_matrix:
  - [0.9813770233273794, 0.19193263144624362, -0.007810446287663517, 0.35961059569002873,
    -0.024091454362721157, 0.08264016425556533, -0.9962882138610807, -0.024613347957120113,
    -0.19057476200111328, 0.9779225267054308, 0.08572509463561656, 0.27661518573380467,
    0.0, 0.0, 0.0, 1.0]
Tag_1_pose:
- cols: 4
  rows: 4
  transformation_matrix:
  - [0.0078104462876631975, 0.19193263144624345, 0.9813770233273795, 0.3868132511044424,
    0.9962882138610805, 0.08264016425556558, -0.02409145436272081, 0.002122062929084766,
    -0.0857250946356169, 0.9779225267054306, -0.19057476200111323, 0.2690169396762946,
    0.0, 0.0, 0.0, 1.0]
Tag_2_pose:
- cols: 4
  rows: 4
  transformation_matrix:
  - [-0.9813770233273799, 0.19193263144624362, 0.007810446287663517, 0.3600401702358504,
    0.024091454362721157, 0.08264016425556531, 0.9962882138610807, 0.03018250380523929,
    0.19057476200111328, 0.9779225267054308, -0.08572509463561695, 0.27190030552884564,
    0.0, 0.0, 0.0, 1.0]
