EE_pose:
- cols: 4
  rows: 4
  transformation_matrix:
  - [0.9746789205992109, -0.027731441809016835, -0.22188278183480187, 0.2273457924972583,
    -0.0029902869422449383, 0.9905748243965273, -0.13694004328826573, -0.0006974903635557604,
    0.22358904249439465, 0.13413606676424564, 0.965409475647229, 0.28294442084785915,
    0.0, 0.0, 0.0, 1.0]
Joint_1_pose:
- cols: 4
  name: waist
  rows: 4
  transformation_matrix:
  - [0.9999952938093143, 0.0030679568483393837, 0.0, 0.0, -0.0030679568483393837,
    0.9999952938093143, -0.0, 0.0, -0.0, 0.0, 1.0, 0.079, 0.0, 0.0, 0.0, 1.0]
Joint_2_pose:
- cols: 4
  name: shoulder
  rows: 4
  transformation_matrix:
  - [0.30346794293634793, -0.0, -0.9528416487591114, 0.0, 0.0, 1.0, -0.0, 0.0, 0.9528416487591114,
    0.0, 0.30346794293634793, 0.04805, 0.0, 0.0, 0.0, 1.0]
Joint_3_pose:
- cols: 4
  name: elbow
  rows: 4
  transformation_matrix:
  - [0.1830398893884193, 0.0, 0.983105487164361, 0.05955, 0.0, 1.0, 0.0, 0.0, -0.983105487164361,
    0.0, 0.1830398893884193, 0.3, 0.0, 0.0, 0.0, 1.0]
Joint_4_pose:
- cols: 4
  name: forearm_roll
  rows: 4
  transformation_matrix:
  - [1.0, 0.0, 0.0, 0.2, 0.0, 1.0, 0.0, 0.0, 0.0, 0.0, 1.0, 0.0, 0.0, 0.0, 0.0, 1.0]
Joint_5_pose:
- cols: 4
  name: wrist_angle
  rows: 4
  transformation_matrix:
  - [0.9394592207458968, -0.0, -0.34266072514297924, 0.1, 0.0, 1.0, -0.0, 0.0, 0.34266072514297924,
    0.0, 0.9394592207458968, 0.0, 0.0, 0.0, 0.0, 1.0]
Joint_6_pose:
- cols: 4
  name: wrist_rotate
  rows: 4
  transformation_matrix:
  - [1.0, 0.0, 0.0, 0.159744, 0.0, 0.9904850836957029, -0.13762012562236814, 0.0,
    0.0, 0.13762012562236814, 0.9904850836957029, 0.0, 0.0, 0.0, 0.0, 1.0]
Tag_0_pose:
- cols: 4
  rows: 4
  transformation_matrix:
  - [0.9746789205992109, -0.22188278183480187, 0.027731441809016724, 0.14218106656708035,
    -0.0029902869422450545, -0.13694004328826603, -0.9905748243965276, -0.04597823826864215,
    0.2235890424943946, 0.9654094756472293, -0.13413606676424597, 0.39471322863361863,
    0.0, 0.0, 0.0, 1.0]
Tag_1_pose:
- cols: 4
  rows: 4
  transformation_matrix:
  - [-0.027731441809016655, -0.22188278183480187, 0.9746789205992109, 0.16822212223381056,
    0.9905748243965273, -0.1369400432882657, -0.0029902869422451794, -0.01881966348864938,
    0.1341360667642456, 0.9654094756472291, 0.22358904249439449, 0.4045506691382311,
    0.0, 0.0, 0.0, 1.0]
Tag_2_pose:
- cols: 4
  rows: 4
  transformation_matrix:
  - [-0.9746789205992108, -0.22188278183480176, -0.027731441809016683, 0.14065583726758435,
    0.0029902869422450545, -0.1369400432882656, 0.9905748243965272, 0.00850337707316685,
    -0.2235890424943945, 0.965409475647229, 0.1341360667642456, 0.4020907123056521,
    0.0, 0.0, 0.0, 1.0]
