EE_pose:
- cols: 4
  rows: 4
  transformation_matrix:
  - [0.9938117315975888, 0.013261078358687202, 0.1102832078775676, 0.3629045747881175,
    -0.02287135813547031, 0.9960032480776193, 0.0863390456043568, -0.00835180370193141,
    -0.108697484405303, -0.08832708316024539, 0.9901430115212458, 0.1549547865864182,
    0.0, 0.0, 0.0, 1.0]
Joint_1_pose:
- cols: 4
  name: waist
  rows: 4
  transformation_matrix:
  - [0.9997352882592221, 0.02300768152705091, 0.0, 0.0, -0.02300768152705091, 0.9997352882592221,
    -0.0, 0.0, -0.0, 0.0, 1.0, 0.079, 0.0, 0.0, 0.0, 1.0]
Joint_2_pose:
- cols: 4
  name: shoulder
  rows: 4
  transformation_matrix:
  - [0.9839374130356354, -0.0, -0.17851377321859876, 0.0, 0.0, 1.0, -0.0, 0.0, 0.17851377321859876,
    0.0, 0.9839374130356354, 0.04805, 0.0, 0.0, 0.0, 1.0]
Joint_3_pose:
- cols: 4
  name: elbow
  rows: 4
  transformation_matrix:
  - [0.36132574194620704, 0.0, 0.9324396539224528, 0.05955, 0.0, 1.0, 0.0, 0.0, -0.9324396539224528,
    0.0, 0.36132574194620704, 0.3, 0.0, 0.0, 0.0, 1.0]
Joint_4_pose:
- cols: 4
  name: forearm_roll
  rows: 4
  transformation_matrix:
  - [1.0, 0.0, 0.0, 0.2, 0.0, 1.0, 0.0, 0.0, 0.0, 0.0, 1.0, 0.0, 0.0, 0.0, 0.0, 1.0]
Joint_5_pose:
- cols: 4
  name: wrist_angle
  rows: 4
  transformation_matrix:
  - [0.6115971439238872, -0.0, -0.7911693456802684, 0.1, 0.0, 1.0, -0.0, 0.0, 0.7911693456802684,
    0.0, 0.6115971439238872, 0.0, 0.0, 0.0, 0.0, 1.0]
Joint_6_pose:
- cols: 4
  name: wrist_rotate
  rows: 4
  transformation_matrix:
  - [1.0, -0.0, 0.0, 0.159744, 0.0, 0.9960447009915823, 0.08885355156992639, 0.0,
    -0.0, -0.08885355156992639, 0.9960447009915823, 0.0, 0.0, 0.0, 0.0, 1.0]
Tag_0_pose:
- cols: 4
  rows: 4
  transformation_matrix:
  - [0.9938117315975888, 0.11028320787756765, -0.013261078358687145, 0.319683174721834,
    -0.022871358135470303, 0.08633904560435714, -0.9960032480776195, -0.02293494674170149,
    -0.10869748440530304, 0.990143011521246, 0.08832708316024572, 0.2953644927425395,
    0.0, 0.0, 0.0, 1.0]
Tag_1_pose:
- cols: 4
  rows: 4
  transformation_matrix:
  - [0.013261078358687173, 0.11028320787756757, 0.9938117315975887, 0.3473776769956317,
    0.9960032480776193, 0.08633904560435712, -0.022871358135470254, 0.003826180231707634,
    -0.08832708316024562, 0.9901430115212457, -0.10869748440530291, 0.28994631713448693,
    0.0, 0.0, 0.0, 1.0]
Tag_2_pose:
- cols: 4
  rows: 4
  transformation_matrix:
  - [-0.9938117315975892, 0.11028320787756765, 0.013261078358687145, 0.32041253403156184,
    0.022871358135470303, 0.08633904560435712, 0.9960032480776195, 0.03184523190256764,
    0.10869748440530304, 0.990143011521246, -0.08832708316024607, 0.290506503168726,
    0.0, 0.0, 0.0, 1.0]
