EE_pose:
- cols: 4
  rows: 4
  transformation_matrix:
  - [0.998115874589173, 0.006102483995480353, 0.0610529326255117, 0.34203776092518606,
    -0.013780690764509416, 0.9919159813521564, 0.12614586200205452, -0.004722414233753453,
    -0.05978957647569792, -0.12674953896276436, 0.9901311836911225, 0.16226429324686148,
    0.0, 0.0, 0.0, 1.0]
Joint_1_pose:
- cols: 4
  name: waist
  rows: 4
  transformation_matrix:
  - [0.9999047010823705, 0.013805388562993239, 0.0, 0.0, -0.013805388562993239, 0.9999047010823705,
    -0.0, 0.0, -0.0, 0.0, 1.0, 0.079, 0.0, 0.0, 0.0, 1.0]
Joint_2_pose:
- cols: 4
  name: shoulder
  rows: 4
  transformation_matrix:
  - [0.9718663366073733, -0.0, -0.23553306300679683, 0.0, 0.0, 1.0, -0.0, 0.0, 0.23553306300679683,
    0.0, 0.9718663366073733, 0.04805, 0.0, 0.0, 0.0, 1.0]
Joint_3_pose:
- cols: 4
  name: elbow
  rows: 4
  transformation_matrix:
  - [0.2917522262989899, 0.0, 0.9564939301687091, 0.05955, 0.0, 1.0, 0.0, 0.0, -0.9564939301687091,
    0.0, 0.2917522262989899, 0.3, 0.0, 0.0, 0.0, 1.0]
Joint_4_pose:
- cols: 4
  name: forearm_roll
  rows: 4
  transformation_matrix:
  - [1.0, 0.0, 0.0, 0.2, 0.0, 1.0, 0.0, 0.0, 0.0, 0.0, 1.0, 0.0, 0.0, 0.0, 0.0, 1.0]
Joint_5_pose:
- cols: 4
  name: wrist_angle
  rows: 4
  transformation_matrix:
  - [0.5593906876794901, -0.0, -0.8289041310896376, 0.1, 0.0, 1.0, -0.0, 0.0, 0.8289041310896376,
    0.0, 0.5593906876794901, 0.0, 0.0, 0.0, 0.0, 1.0]
Joint_6_pose:
- cols: 4
  name: wrist_rotate
  rows: 4
  transformation_matrix:
  - [1.0, -0.0, 0.0, 0.159744, 0.0, 0.9919056999955113, 0.12697669989574775, 0.0,
    -0.0, -0.12697669989574775, 0.9919056999955113, 0.0, 0.0, 0.0, 0.0, 1.0]
Tag_0_pose:
- cols: 4
  rows: 4
  transformation_matrix:
  - [0.998115874589173, 0.06105293262551164, -0.006102483995480221, 0.29221646069432566,
    -0.01378069076450928, 0.12614586200205447, -0.9919159813521565, -0.014425042139032524,
    -0.05978957647569788, 0.9901311836911226, 0.1267495389627643, 0.3008981279427775,
    0.0, 0.0, 0.0, 1.0]
Tag_1_pose:
- cols: 4
  rows: 4
  transformation_matrix:
  - [0.006102483995480357, 0.06105293262551176, 0.9981158745891728, 0.3198324655554036,
    0.9919159813521563, 0.12614586200205452, -0.013780690764509274, 0.012473678352127766,
    -0.1267495389627643, 0.9901311836911224, -0.059789576475697936, 0.2957683022682198,
    0.0, 0.0, 0.0, 1.0]
Tag_2_pose:
- cols: 4
  rows: 4
  transformation_matrix:
  - [-0.9981158745891734, 0.06105293262551164, 0.006102483995480221, 0.2925520973140771,
    0.01378069076450928, 0.12614586200205447, 0.9919159813521565, 0.040130336835336074,
    0.05978957647569788, 0.9901311836911226, -0.12674953896276475, 0.29392690329982546,
    0.0, 0.0, 0.0, 1.0]
