EE_pose:
- cols: 4
  rows: 4
  transformation_matrix:
  - [0.9998823481583797, 0.0018543217727431086, -0.015226665165031147, 0.33961637634069575,
    -1.6263032587282567e-18, 0.992666142336819, 0.1208880881565183, 0.0, 0.015339160383959815,
    -0.12087386545031673, 0.992549353337059, 0.18382560473817783, 0.0, 0.0, 0.0, 1.0]
Joint_1_pose:
- cols: 4
  name: waist
  rows: 4
  transformation_matrix:
  - [1.0, 0.0, 0.0, 0.0, 0.0, 1.0, 0.0, 0.0, 0.0, 0.0, 1.0, 0.079, 0.0, 0.0, 0.0,
    1.0]
Joint_2_pose:
- cols: 4
  name: shoulder
  rows: 4
  transformation_matrix:
  - [0.9595715118302243, -0.0, -0.2814649421932647, 0.0, 0.0, 1.0, -0.0, 0.0, 0.2814649421932647,
    0.0, 0.9595715118302243, 0.04805, 0.0, 0.0, 0.0, 1.0]
Joint_3_pose:
- cols: 4
  name: elbow
  rows: 4
  transformation_matrix:
  - [0.2902846361384821, 0.0, 0.9569403482046042, 0.05955, 0.0, 1.0, 0.0, 0.0, -0.9569403482046042,
    0.0, 0.2902846361384821, 0.3, 0.0, 0.0, 0.0, 1.0]
Joint_4_pose:
- cols: 4
  name: forearm_roll
  rows: 4
  transformation_matrix:
  - [1.0, 0.0, 0.0, 0.2, 0.0, 1.0, 0.0, 0.0, 0.0, 0.0, 1.0, 0.0, 0.0, 0.0, 0.0, 1.0]
Joint_5_pose:
- cols: 4
  name: wrist_angle
  rows: 4
  transformation_matrix:
  - [0.5349976261285785, -0.0, -0.8448535612973327, 0.1, 0.0, 1.0, -0.0, 0.0, 0.8448535612973327,
    0.0, 0.5349976261285785, 0.0, 0.0, 0.0, 0.0, 1.0]
Joint_6_pose:
- cols: 4
  name: wrist_rotate
  rows: 4
  transformation_matrix:
  - [1.0, -0.0, 0.0, 0.159744, 0.0, 0.992666142336819, 0.12088808815651832, 0.0, -0.0,
    -0.12088808815651832, 0.992666142336819, 0.0, 0.0, 0.0, 0.0, 1.0]
Tag_0_pose:
- cols: 4
  rows: 4
  transformation_matrix:
  - [0.9998823481583797, -0.015226665165031135, -0.0018543217727430587, 0.27966446601713085,
    4.9439619065339e-17, 0.12088808815651828, -0.9926661423368192, -0.01122020318944559,
    0.015339160383959796, 0.9925493533370592, 0.12087386545031671, 0.3182708298538329,
    0.0, 0.0, 0.0, 1.0]
Tag_1_pose:
- cols: 4
  rows: 4
  transformation_matrix:
  - [0.0018543217727430839, -0.015226665165030906, 0.9998823481583798, 0.3072122244402367,
    0.9926661423368192, 0.12088808815651814, -2.220446049250313e-16, 0.016078115724816936,
    -0.12087386545031675, 0.9925493533370591, 0.015339160383959438, 0.3153686254645082,
    0.0, 0.0, 0.0, 1.0]
Tag_2_pose:
- cols: 4
  rows: 4
  transformation_matrix:
  - [-0.9998823481583801, -0.015226665165031135, 0.0018543217727430587, 0.2797664537146318,
    -4.9439619065339e-17, 0.1208880881565183, 0.9926661423368192, 0.04337643463907945,
    -0.015339160383959796, 0.9925493533370592, -0.12087386545031709, 0.31162276725406557,
    0.0, 0.0, 0.0, 1.0]
