EE_pose:
- cols: 4
  rows: 4
  transformation_matrix:
  - [0.9890089254013308, 0.026476122719146043, -0.14546601115815933, 0.3322192442967401,
    -0.01820750489315148, 0.9981573477507015, 0.057882604440806555, -0.006116106094469677,
    0.14673047482398083, -0.05459783930748297, 0.9876685900143243, 0.22800442187731002,
    0.0, 0.0, 0.0, 1.0]
Joint_1_pose:
- cols: 4
  name: waist
  rows: 4
  transformation_matrix:
  - [0.999830581794966, 0.018406729952378496, 0.0, 0.0, -0.018406729952378496, 0.999830581794966,
    -0.0, 0.0, -0.0, 0.0, 1.0, 0.079, 0.0, 0.0, 0.0, 1.0]
Joint_2_pose:
- cols: 4
  name: shoulder
  rows: 4
  transformation_matrix:
  - [0.9197171417467404, -0.0, -0.3925816847195069, 0.0, 0.0, 1.0, -0.0, 0.0, 0.3925816847195069,
    0.0, 0.9197171417467404, 0.04805, 0.0, 0.0, 0.0, 1.0]
Joint_3_pose:
- cols: 4
  name: elbow
  rows: 4
  transformation_matrix:
  - [0.29907981021425645, 0.0, 0.9542281001533148, 0.05955, 0.0, 1.0, 0.0, 0.0, -0.9542281001533148,
    0.0, 0.29907981021425645, 0.3, 0.0, 0.0, 0.0, 1.0]
Joint_4_pose:
- cols: 4
  name: forearm_roll
  rows: 4
  transformation_matrix:
  - [1.0, 0.0, 0.0, 0.2, 0.0, 1.0, 0.0, 0.0, 0.0, 0.0, 1.0, 0.0, 0.0, 0.0, 0.0, 1.0]
Joint_5_pose:
- cols: 4
  name: wrist_angle
  rows: 4
  transformation_matrix:
  - [0.5311039963533704, -0.0, -0.8473066416932415, 0.1, 0.0, 1.0, -0.0, 0.0, 0.8473066416932415,
    0.0, 0.5311039963533704, 0.0, 0.0, 0.0, 0.0, 1.0]
Joint_6_pose:
- cols: 4
  name: wrist_rotate
  rows: 4
  transformation_matrix:
  - [1.0, -0.0, 0.0, 0.159744, 0.0, 0.9984755805655815, 0.05519524448922159, 0.0,
    -0.0, -0.05519524448922159, 0.9984755805655815, 0.0, 0.0, 0.0, 0.0, 1.0]
Tag_0_pose:
- cols: 4
  rows: 4
  transformation_matrix:
  - [0.9890089254013307, -0.14546601115815938, -0.026476122719146053, 0.2548977831926717,
    -0.01820750489315147, 0.057882604440806555, -0.9981573477507016, -0.024813149408408466,
    0.14673047482398088, 0.9876685900143244, 0.05459783930748297, 0.3523726464827339,
    0.0, 0.0, 0.0, 1.0]
Tag_1_pose:
- cols: 4
  rows: 4
  transformation_matrix:
  - [0.026476122719146233, -0.14546601115815944, 0.9890089254013306, 0.282823622015985,
    0.9981573477507015, 0.057882604440806396, -0.018207504893151538, 0.0021354712701741638,
    -0.05459783930748263, 0.987668590014324, 0.1467304748239811, 0.3549062939594377,
    0.0, 0.0, 0.0, 1.0]
Tag_2_pose:
- cols: 4
  rows: 4
  transformation_matrix:
  - [-0.9890089254013309, -0.14546601115815938, 0.026476122719146053, 0.25635396994222476,
    0.01820750489315147, 0.05788260444080651, 0.9981573477507016, 0.030085504717880136,
    -0.14673047482398088, 0.9876685900143244, -0.05459783930748319, 0.34936976532082237,
    0.0, 0.0, 0.0, 1.0]
