EE_pose:
- cols: 4
  rows: 4
  transformation_matrix:
  - [0.9634279073040614, -0.04745033317743121, -0.2637330720805941, 0.3362479033986724,
    0.04733017938503916, 0.9988560636620966, -0.006813090696720559, 0.016518800695981658,
    0.26375466165946165, -0.005918611899127723, 0.9645716398931137, 0.27911221949957055,
    0.0, 0.0, 0.0, 1.0]
Joint_1_pose:
- cols: 4
  name: waist
  rows: 4
  transformation_matrix:
  - [0.9987954561381469, -0.04906767569175357, 0.0, 0.0, 0.04906767569175357, 0.9987954561381469,
    0.0, 0.0, 0.0, 0.0, 1.0, 0.079, 0.0, 0.0, 0.0, 1.0]
Joint_2_pose:
- cols: 4
  name: shoulder
  rows: 4
  transformation_matrix:
  - [0.8847970967020835, -0.0, -0.4659764990507181, 0.0, 0.0, 1.0, -0.0, 0.0, 0.4659764990507181,
    0.0, 0.8847970967020835, 0.04805, 0.0, 0.0, 0.0, 1.0]
Joint_3_pose:
- cols: 4
  name: elbow
  rows: 4
  transformation_matrix:
  - [0.37131715887134475, 0.0, 0.9285060945021916, 0.05955, 0.0, 1.0, 0.0, 0.0, -0.9285060945021916,
    0.0, 0.37131715887134475, 0.3, 0.0, 0.0, 0.0, 1.0]
Joint_4_pose:
- cols: 4
  name: forearm_roll
  rows: 4
  transformation_matrix:
  - [1.0, 0.0, 0.0, 0.2, 0.0, 1.0, 0.0, 0.0, 0.0, 0.0, 1.0, 0.0, 0.0, 0.0, 0.0, 1.0]
Joint_5_pose:
- cols: 4
  name: wrist_angle
  rows: 4
  transformation_matrix:
  - [0.5631993306931609, -0.0, -0.8263210719246944, 0.1, 0.0, 1.0, -0.0, 0.0, 0.8263210719246944,
    0.0, 0.5631993306931609, 0.0, 0.0, 0.0, 0.0, 1.0]
Joint_6_pose:
- cols: 4
  name: wrist_rotate
  rows: 4
  transformation_matrix:
  - [1.0, -0.0, 0.0, 0.159744, 0.0, 0.9999811752815535, 0.006135884819898878, 0.0,
    -0.0, -0.006135884819898878, 0.9999811752815535, 0.0, 0.0, 0.0, 0.0, 1.0]
Tag_0_pose:
- cols: 4
  rows: 4
  transformation_matrix:
  - [0.9634279073040614, -0.26373307208059404, 0.04745033317743114, 0.24671059605557288,
    0.0473301793850391, -0.006813090696720307, -0.9988560636620964, -0.014595475012058698,
    0.2637546616594616, 0.9645716398931135, 0.005918611899127957, 0.3922962091287038,
    0.0, 0.0, 0.0, 1.0]
Tag_1_pose:
- cols: 4
  rows: 4
  transformation_matrix:
  - [-0.047450333177431414, -0.2637330720805937, 0.9634279073040614, 0.2718999793440552,
    0.9988560636620964, -0.006813090696720758, 0.04733017938503936, 0.014174646671737526,
    -0.005918611899127568, 0.9645716398931137, 0.2637546616594613, 0.3993867004971131,
    0.0, 0.0, 0.0, 1.0]
Tag_2_pose:
- cols: 4
  rows: 4
  transformation_matrix:
  - [-0.9634279073040618, -0.2637330720805941, -0.047450333177431095, 0.24410082773081412,
    -0.047330179385039126, -0.006813090696720536, 0.9988560636620968, 0.0403416084893566,
    -0.26375466165946165, 0.9645716398931138, -0.005918611899128234, 0.39197068547425185,
    0.0, 0.0, 0.0, 1.0]
