EE_pose:
- cols: 4
  rows: 4
  transformation_matrix:
  - [0.9915399128520118, -0.11578766443041355, -0.058667009359391016, 0.4194854053880803,
    0.10995970587981477, 0.9894461817274312, -0.09436692507352411, 0.04652005552118667,
    0.0689743742577601, 0.08711756556950744, 0.9938073583270518, 0.29660762084542375,
    0.0, 0.0, 0.0, 1.0]
Joint_1_pose:
- cols: 4
  name: waist
  rows: 4
  transformation_matrix:
  - [0.9939069699715501, -0.1102222075716695, 0.0, 0.0, 0.1102222075716695, 0.9939069699715501,
    0.0, 0.0, 0.0, 0.0, 1.0, 0.079, 0.0, 0.0, 0.0, 1.0]
Joint_2_pose:
- cols: 4
  name: shoulder
  rows: 4
  transformation_matrix:
  - [0.9456073202602578, -0.0, -0.3253103070457717, 0.0, 0.0, 1.0, -0.0, 0.0, 0.3253103070457717,
    0.0, 0.9456073202602578, 0.04805, 0.0, 0.0, 0.0, 1.0]
Joint_3_pose:
- cols: 4
  name: elbow
  rows: 4
  transformation_matrix:
  - [0.6635641491155175, 0.0, 0.7481193888735936, 0.05955, 0.0, 1.0, 0.0, 0.0, -0.7481193888735936,
    0.0, 0.6635641491155175, 0.3, 0.0, 0.0, 0.0, 1.0]
Joint_4_pose:
- cols: 4
  name: forearm_roll
  rows: 4
  transformation_matrix:
  - [1.0, 0.0, 0.0, 0.2, 0.0, 1.0, 0.0, 0.0, 0.0, 0.0, 1.0, 0.0, 0.0, 0.0, 0.0, 1.0]
Joint_5_pose:
- cols: 4
  name: wrist_angle
  rows: 4
  transformation_matrix:
  - [0.8348628509340963, -0.0, -0.5504580094159708, 0.1, 0.0, 1.0, -0.0, 0.0, 0.5504580094159708,
    0.0, 0.8348628509340963, 0.0, 0.0, 0.0, 0.0, 1.0]
Joint_6_pose:
- cols: 4
  name: wrist_rotate
  rows: 4
  transformation_matrix:
  - [1.0, 0.0, 0.0, 0.159744, 0.0, 0.9961798284137185, -0.08732553728213875, 0.0,
    0.0, 0.08732553728213875, 0.9961798284137185, 0.0, 0.0, 0.0, 0.0, 1.0]
Tag_0_pose:
- cols: 4
  rows: 4
  transformation_matrix:
  - [0.9915399128520117, -0.05866700935939105, 0.11578766443041351, 0.3574739655862679,
    0.10995970587981475, -0.09436692507352373, -0.9894461817274312, 0.00039473301653873694,
    0.06897437425776005, 0.9938073583270519, -0.08711756556950706, 0.42239585171383537,
    0.0, 0.0, 0.0, 1.0]
Tag_1_pose:
- cols: 4
  rows: 4
  transformation_matrix:
  - [-0.11578766443041344, -0.05866700935939084, 0.9915399128520119, 0.38155715241786203,
    0.9894461817274312, -0.09436692507352396, 0.10995970587981457, 0.030628394925738017,
    0.08711756556950717, 0.9938073583270519, 0.06897437425775976, 0.4266883800590853,
    0.0, 0.0, 0.0, 1.0]
Tag_2_pose:
- cols: 4
  rows: 4
  transformation_matrix:
  - [-0.9915399128520119, -0.05866700935939105, -0.11578766443041351, 0.35110564404259526,
    -0.10995970587981475, -0.09436692507352373, 0.9894461817274312, 0.05481427301154746,
    -0.06897437425776005, 0.9938073583270519, 0.0871175655695069, 0.42718731782015834,
    0.0, 0.0, 0.0, 1.0]
