EE_pose:
- cols: 4
  rows: 4
  transformation_matrix:
  - [0.9999141138398697, 0.003123774636586893, -0.012728196095591351, 0.5689778396450499,
    -0.004601579616078946, 0.9930284899530398, -0.11778473418326503, -0.0026184217150980113,
    0.012271528383412444, 0.11783318791242699, 0.9929575768468307, 0.2851859720918794,
    0.0, 0.0, 0.0, 1.0]
Joint_1_pose:
- cols: 4
  name: waist
  rows: 4
  transformation_matrix:
  - [0.9999894110818748, 0.004601926132093839, 0.0, 0.0, -0.004601926132093839, 0.9999894110818748,
    -0.0, 0.0, -0.0, 0.0, 1.0, 0.079, 0.0, 0.0, 0.0, 1.0]
Joint_2_pose:
- cols: 4
  name: shoulder
  rows: 4
  transformation_matrix:
  - [0.9915114736794766, 0.0, 0.1300192199713286, 0.0, 0.0, 1.0, 0.0, 0.0, -0.1300192199713286,
    0.0, 0.9915114736794766, 0.04805, 0.0, 0.0, 0.0, 1.0]
Joint_3_pose:
- cols: 4
  name: elbow
  rows: 4
  transformation_matrix:
  - [0.9451071867207465, 0.0, 0.3267604713070357, 0.05955, 0.0, 1.0, 0.0, 0.0, -0.3267604713070357,
    0.0, 0.9451071867207465, 0.3, 0.0, 0.0, 0.0, 1.0]
Joint_4_pose:
- cols: 4
  name: forearm_roll
  rows: 4
  transformation_matrix:
  - [1.0, 0.0, 0.0, 0.2, 0.0, 1.0, 0.0, 0.0, 0.0, 0.0, 1.0, 0.0, 0.0, 0.0, 0.0, 1.0]
Joint_5_pose:
- cols: 4
  name: wrist_angle
  rows: 4
  transformation_matrix:
  - [0.8890483524612726, -0.0, -0.45781331018865856, 0.1, 0.0, 1.0, -0.0, 0.0, 0.45781331018865856,
    0.0, 0.8890483524612726, 0.0, 0.0, 0.0, 0.0, 1.0]
Joint_6_pose:
- cols: 4
  name: wrist_rotate
  rows: 4
  transformation_matrix:
  - [1.0, 0.0, 0.0, 0.159744, 0.0, 0.9930323502357946, -0.1178420611885851, 0.0, 0.0,
    0.1178420611885851, 0.9930323502357946, 0.0, 0.0, 0.0, 0.0, 1.0]
Tag_0_pose:
- cols: 4
  rows: 4
  transformation_matrix:
  - [0.9999141138398698, -0.012728196095591452, -0.0031237746365869075, 0.5093214770743647,
    -0.004601579616078968, -0.11778473418326478, -0.9930284899530399, -0.04532572353492678,
    0.012271528383412543, 0.9929575768468308, -0.11783318791242675, 0.413298609421541,
    0.0, 0.0, 0.0, 1.0]
Tag_1_pose:
- cols: 4
  rows: 4
  transformation_matrix:
  - [0.0031237746365868624, -0.012728196095591282, 0.9999141138398697, 0.536905019007467,
    0.9930284899530398, -0.11778473418326496, -0.004601579616078877, -0.018143983500660366,
    0.11783318791242697, 0.9929575768468307, 0.012271528383412444, 0.4168764891196767,
    0.0, 0.0, 0.0, 1.0]
Tag_2_pose:
- cols: 4
  rows: 4
  transformation_matrix:
  - [-0.9999141138398698, -0.012728196095591452, 0.0031237746365869075, 0.5094932846793768,
    0.004601579616078968, -0.11778473418326474, 0.9930284899530399, 0.009290843412490386,
    -0.012271528383412543, 0.9929575768468308, 0.1178331879124267, 0.4197794347567244,
    0.0, 0.0, 0.0, 1.0]
