EE_pose:
- cols: 4
  rows: 4
  transformation_matrix:
  - [0.9966146783736898, 0.03860027850020852, 0.07258926470087182, 0.5992400883439043,
    -0.03670749230895332, 0.9989549568972571, -0.027231490939485608, -0.02207131944915279,
    -0.07356454892470304, 0.02447473370857167, 0.9969900925041328, 0.23895967197182366,
    0.0, 0.0, 0.0, 1.0]
Joint_1_pose:
- cols: 4
  name: waist
  rows: 4
  transformation_matrix:
  - [0.9993223845849204, 0.03680722303445884, 0.0, 0.0, -0.03680722303445884, 0.9993223845849204,
    -0.0, 0.0, -0.0, 0.0, 1.0, 0.079, 0.0, 0.0, 0.0, 1.0]
Joint_2_pose:
- cols: 4
  name: shoulder
  rows: 4
  transformation_matrix:
  - [0.9649932508875323, 0.0, 0.262274714262569, 0.0, 0.0, 1.0, 0.0, 0.0, -0.262274714262569,
    0.0, 0.9649932508875323, 0.04805, 0.0, 0.0, 0.0, 1.0]
Joint_3_pose:
- cols: 4
  name: elbow
  rows: 4
  transformation_matrix:
  - [0.9696573851232931, 0.0, 0.2444679027517878, 0.05955, 0.0, 1.0, 0.0, 0.0, -0.2444679027517878,
    0.0, 0.9696573851232931, 0.3, 0.0, 0.0, 0.0, 1.0]
Joint_4_pose:
- cols: 4
  name: forearm_roll
  rows: 4
  transformation_matrix:
  - [1.0, 0.0, 0.0, 0.2, 0.0, 1.0, 0.0, 0.0, 0.0, 0.0, 1.0, 0.0, 0.0, 0.0, 0.0, 1.0]
Joint_5_pose:
- cols: 4
  name: wrist_angle
  rows: 4
  transformation_matrix:
  - [0.9052967498794409, -0.0, -0.42477970132495874, 0.1, 0.0, 1.0, -0.0, 0.0, 0.42477970132495874,
    0.0, 0.9052967498794409, 0.0, 0.0, 0.0, 0.0, 1.0]
Joint_6_pose:
- cols: 4
  name: wrist_rotate
  rows: 4
  transformation_matrix:
  - [1.0, 0.0, 0.0, 0.159744, 0.0, 0.9996988186794428, -0.024541229205697058, 0.0,
    0.0, 0.024541229205697058, 0.9996988186794428, 0.0, 0.0, 0.0, 0.0, 1.0]
Tag_0_pose:
- cols: 4
  rows: 4
  transformation_matrix:
  - [0.9966146783736898, 0.07258926470087179, -0.03860027850020856, 0.5501463240402249,
    -0.03670749230895335, -0.027231490939485847, -0.9989549568972572, -0.05103964469860657,
    -0.07356454892470303, 0.996990092504133, -0.0244747337085719, 0.3751444049861857,
    0.0, 0.0, 0.0, 1.0]
Tag_1_pose:
- cols: 4
  rows: 4
  transformation_matrix:
  - [0.03860027850020864, 0.07258926470087163, 0.9966146783736898, 0.5786147353542572,
    0.9989549568972571, -0.027231490939485625, -0.03670749230895354, -0.024577839422428215,
    0.024474733708571728, 0.996990092504133, -0.07356454892470288, 0.373794435067742,
    0.0, 0.0, 0.0, 1.0]
Tag_2_pose:
- cols: 4
  rows: 4
  transformation_matrix:
  - [-0.99661467837369, 0.07258926470087179, 0.03860027850020856, 0.5522693393577365,
    0.03670749230895335, -0.027231490939485847, 0.9989549568972572, 0.003902877930742567,
    0.07356454892470303, 0.996990092504133, 0.024474733708571672, 0.37649051534015715,
    0.0, 0.0, 0.0, 1.0]
