EE_pose:
- cols: 4
  rows: 4
  transformation_matrix:
  - [0.9867980967961659, -0.045110075807681484, 0.15554612569938897, 0.5912746758498911,
    0.022575176728923167, 0.9893627360580057, 0.1437071254165037, 0.012979494908591613,
    -0.1603741798268124, -0.13829843657989077, 0.977319632916701, 0.1857773655855142,
    0.0, 0.0, 0.0, 1.0]
Joint_1_pose:
- cols: 4
  name: waist
  rows: 4
  transformation_matrix:
  - [0.9997694053233825, -0.021474081571279224, 0.0, 0.0, 0.021474081571279224, 0.9997694053233825,
    0.0, 0.0, 0.0, 0.0, 1.0, 0.079, 0.0, 0.0, 0.0, 1.0]
Joint_2_pose:
- cols: 4
  name: shoulder
  rows: 4
  transformation_matrix:
  - [0.9519061310497727, 0.0, 0.3063898132605798, 0.0, 0.0, 1.0, 0.0, 0.0, -0.3063898132605798,
    0.0, 0.9519061310497727, 0.04805, 0.0, 0.0, 0.0, 1.0]
Joint_3_pose:
- cols: 4
  name: elbow
  rows: 4
  transformation_matrix:
  - [0.9504860733150774, 0.0, 0.3107671546899468, 0.05955, 0.0, 1.0, 0.0, 0.0, -0.3107671546899468,
    0.0, 0.9504860733150774, 0.3, 0.0, 0.0, 0.0, 1.0]
Joint_4_pose:
- cols: 4
  name: forearm_roll
  rows: 4
  transformation_matrix:
  - [1.0, -0.0, 0.0, 0.2, 0.0, 0.9999952938093143, 0.0030679568483393837, 0.0, -0.0,
    -0.0030679568483393837, 0.9999952938093143, 0.0, 0.0, 0.0, 0.0, 1.0]
Joint_5_pose:
- cols: 4
  name: wrist_angle
  rows: 4
  transformation_matrix:
  - [0.8932242961984568, -0.0, -0.4496113395820568, 0.1, 0.0, 1.0, -0.0, 0.0, 0.4496113395820568,
    0.0, 0.8932242961984568, 0.0, 0.0, 0.0, 0.0, 1.0]
Joint_6_pose:
- cols: 4
  name: wrist_rotate
  rows: 4
  transformation_matrix:
  - [1.0, -0.0, 0.0, 0.159744, 0.0, 0.9904850836957029, 0.13762012562236814, 0.0,
    -0.0, -0.13762012562236814, 0.9904850836957029, 0.0, 0.0, 0.0, 0.0, 1.0]
Tag_0_pose:
- cols: 4
  rows: 4
  transformation_matrix:
  - [0.9867980967961658, 0.15554612569938897, 0.04511007580768152, 0.556084417870969,
    0.022575176728923188, 0.1437071254165039, -0.9893627360580057, 0.003578357874365411,
    -0.1603741798268124, 0.9773196329167009, 0.13829843657989097, 0.3288469550631423,
    0.0, 0.0, 0.0, 1.0]
Tag_1_pose:
- cols: 4
  rows: 4
  transformation_matrix:
  - [-0.04511007580768117, 0.15554612569938886, 0.9867980967961658, 0.5819808384481523,
    0.9893627360580057, 0.1437071254165037, 0.022575176728923008, 0.03140665047600595,
    -0.13829843657989072, 0.9773196329167009, -0.16037417982681212, 0.320633458111958,
    0.0, 0.0, 0.0, 1.0]
Tag_2_pose:
- cols: 4
  rows: 4
  transformation_matrix:
  - [-0.9867980967961656, 0.15554612569938897, -0.04511007580768152, 0.5536033637015465,
    -0.022575176728923188, 0.14370712541650388, 0.9893627360580057, 0.05799330835755572,
    0.1603741798268124, 0.9773196329167009, -0.13829843657989072, 0.3212405410512484,
    0.0, 0.0, 0.0, 1.0]
