camera_matrix:
  cols: 3
  data: [615.7344970703125, 0.0, 317.8375854492188, 0.0, 616.2518310546875, 241.1808624267578, 0.0, 0.0, 1.0]
  rows: 3
camera_name: trabant/camera_node
distortion_coefficients:
  cols: 5
  data: [0.0, 0.0, 0.0, 0.0, 0.0]
  rows: 1
distortion_model: plumb_bob
image_height: 480
image_width: 640
projection_matrix:
  cols: 4
  data: [615.7344970703125, 0.0, 317.8375854492188, 0.0, 0.0, 616.2518310546875, 241.1808624267578, 0.0, 0.0, 0.0, 1.0, 0.0]
  rows: 3
rectification_matrix:
  cols: 3
  data: [1.0, 0.0, 0.0, 0.0, 1.0, 0.0, 0.0, 0.0, 1.0]
  rows: 3
